1 0.5796982985276442 0.04724684201754056 0.5965569129356971 0.06436779315655049 1.0
1 0.6715918907752404 0.12093030489408053 0.6928160682091347 0.14064684354341947 1.0
1 0.6904700646033654 0.13795291607196514 0.713014150766226 0.15721807626577525 1.0
1 0.4526665320763221 0.07763016920823318 0.4658855262169471 0.09015968322753906 1.0
1 0.5627472862830529 0.01004593042226938 0.5804598294771635 0.026618752112755408 1.0
1 0.6750249305138221 0.025695695143479566 0.699306875375601 0.04719740940974309 1.0
1 0.6414006629356971 0.0008177816867828369 0.658299795297476 0.017017122415395883 1.0
1 0.8097999924879807 0.004875933573796199 0.8293602576622596 0.021288578326885518 1.0
1 0.37229736328125 0.9759263258713943 0.38754547119140625 0.9921456204927884 1.0
1 0.32501361553485575 0.9179015174278846 0.33998309795673076 0.9346773587740385 0.9999995231628418
1 0.3950347900390625 0.9497053410456731 0.41001183143028846 0.968734130859375 0.9999803304672241
1 0.22304922250600961 0.2402820293719952 0.24414919339693508 0.25450394850510816 0.9999672174453735
1 0.7081337796724759 0.16852481548602766 0.7240409029447116 0.18631756122295673 0.9998925924301147
1 0.6755003943810096 0.0 0.6975348839393029 0.012202156507051908 0.9998568296432495
1 0.8505428372896635 0.03582349923940805 0.8814812762920673 0.06120870736929086 0.9997726082801819
1 0.40695814866286056 0.0714022709773137 0.4236119196965144 0.08708667461688702 0.9994857311248779
1 0.761522216796875 0.9592461688701923 0.7810085824819711 0.9737962928185097 0.9986920952796936
1 0.3099351384089543 0.6844088040865385 0.33116901104266827 0.7046285306490384 0.9984399676322937
1 0.20844578669621394 0.09323159437913162 0.2246239764873798 0.11269706139197716 0.9981922507286072
1 0.3084407630333534 0.4176116004356971 0.32391566349909856 0.43591688889723557 0.9971376657485962
1 0.6427766301081731 0.12349205603966346 0.66019775390625 0.1408038564828726 0.9951660633087158
1 0.4107052377554087 0.3263114577073317 0.42721548227163464 0.34466411884014425 0.9777913689613342
1 0.21876239483173077 0.97233642578125 0.23637507512019232 0.989270489032452 0.9579229354858398
1 0.9593113356370192 0.9651019756610577 0.9747739821213942 0.984407489483173 0.9522647857666016
1 0.31674295278695913 0.2822681603064904 0.33358478252704327 0.29914210392878604 0.9483821392059326
1 0.9397214918870193 0.4056354698768029 0.9614552659254808 0.4242261681189904 0.9315213561058044
1 0.4959223820612981 0.04764945103571965 0.509429931640625 0.06228483346792368 0.9286884665489197
1 0.3572047306941106 0.9320529409555288 0.3717616154597356 0.9517860764723558 0.723410427570343
1 0.015088853102463943 0.22279205322265624 0.036408133873572716 0.24019923283503605 0.28403240442276
1 0.6716681847205529 0.8814889761117789 0.6853194486177885 0.8991928335336539 0.2636607885360718
1 0.211998291015625 0.08559376643254207 0.23025658240685096 0.10252915602463943 0.2567712366580963
1 0.06565057020920974 0.173803957425631 0.08189312274639424 0.18993020864633414 0.24037520587444305
1 0.5536406531700722 0.02675739288330078 0.5700932898888221 0.0401690673828125 0.0671561136841774