1 0.607643057016226 0.27074678861177887 0.6303807185246394 0.2844516460712139 1.0
1 0.37557525634765626 0.2833150071364183 0.39793809157151444 0.2961376248873197 1.0
1 0.709398662860577 0.13707526573768028 0.7228677133413461 0.15833084106445314 1.0
1 0.6367794095552884 0.1377955510066106 0.651961904672476 0.15852576622596154 1.0
1 0.6911370849609375 0.13934148935171273 0.7043768310546875 0.15975801908052883 1.0
1 0.7221054311899039 0.13827178955078126 0.7327018855168269 0.15876447237454927 1.0
1 0.6227839073768029 0.1345016362116887 0.6380452317457933 0.15909605759840745 1.0
1 0.9606244365985577 0.6333580603966347 0.9749196213942307 0.6511662879356971 1.0
1 0.65387939453125 0.13714266263521635 0.6683896108774039 0.16073021521935096 0.9999997615814209
1 0.3021372868464543 0.32278773381159853 0.3269183819110577 0.3358771221454327 0.9999958276748657
1 0.8215794020432692 0.7083405480018029 0.8411631422776442 0.7258939302884615 0.999995231628418
1 0.26667438213641825 0.9644362229567308 0.28934326171875 0.9785365647536057 0.9999901056289673
1 0.9652405724158654 0.7789600548377403 0.9842665452223558 0.7950828200120192 0.9999829530715942
1 0.17487014770507814 0.31139622614933893 0.1942882127028245 0.3259252225435697 0.99993896484375
1 0.13671288123497596 0.9540220289963942 0.15383429894080528 0.9667135854867789 0.9990319013595581
1 0.2068182138296274 0.302691650390625 0.22362837571364183 0.31984095646784855 0.9987722039222717
1 0.9576057316706731 0.295472412109375 0.973203594501202 0.31269648625300484 0.9979960918426514
1 0.31842261681189904 0.3242804659329928 0.3371458552433894 0.3375086857722356 0.9966726303100586
1 0.8019769756610577 0.2554981173001803 0.816910400390625 0.273140376164363 0.9922512173652649
1 0.10422845693734976 0.2848745962289663 0.12597221961388222 0.2981196711613582 0.9835894107818604
1 0.918688213641827 0.7580657019981971 0.933362567608173 0.7724307955228366 0.9635455012321472
1 0.45748910757211536 0.2362976308969351 0.4731482872596154 0.25125014085036057 0.9616790413856506
1 0.9351737154447115 0.749095693734976 0.9550951209435096 0.7658460411658654 0.9095065593719482
1 0.8657568359375 0.6855760310246394 0.8811659592848557 0.7008929443359375 0.8757758140563965
1 0.009394868703988882 0.31372126652644233 0.02971425569974459 0.3307903348482572 0.7724728584289551
1 0.8008551494891827 0.26155379075270435 0.8162284029447116 0.2777422626201923 0.30127599835395813
1 0.6099407019981972 0.31361107459435095 0.6200060565655048 0.3286695040189303 0.22801189124584198
1 0.7833083871694712 0.24111398550180288 0.798103778545673 0.2558597740760216 0.11813126504421234
1 0.9605067795973558 0.20410923884465143 0.9803572904146635 0.2201038301908053 0.07595814019441605
1 0.12816219623272235 0.9652492112379808 0.15122295673076924 0.9802608548677885 0.05134499818086624