1 0.6753239558293269 0.0266605465228741 0.6988397216796876 0.04721048795259916 1.0
1 0.641337890625 0.0017666358214158278 0.6574062875600961 0.016689544090857874 1.0
1 0.6914730130709135 0.13774134709284855 0.7134085787259615 0.15784049400916467 1.0
1 0.5795860877403847 0.04728806422306941 0.5970030329777645 0.06346520643967848 1.0
1 0.5632893254206731 0.011034431457519532 0.58084716796875 0.026783221318171575 1.0
1 0.6720426119290865 0.12096961388221154 0.6925723970853366 0.1412078857421875 1.0
1 0.45220186673677887 0.0776600823035607 0.4648674598106971 0.09078804016113282 0.9999998807907104
1 0.4101939039963942 0.3271444702148438 0.42726712740384615 0.3453270075871394 0.9999996423721313
1 0.8485701810396634 0.033942527770996093 0.8823158616286058 0.06133019667405348 0.9999995231628418
1 0.2210923884465144 0.24032874474158653 0.241612548828125 0.25712998610276444 0.999996542930603
1 0.6759486271784856 0.0 0.69451416015625 0.012061035449688251 0.9999955892562866
1 0.9849712665264423 0.38096886268028846 1.0 0.3975200007512019 0.9999945163726807
1 0.6708109224759615 0.8804230205829326 0.6861641751802885 0.9001616962139423 0.9999910593032837
1 0.8096769831730769 0.005673259588388296 0.8294985727163462 0.022437386145958534 0.9999884366989136
1 0.49476046048677885 0.0011296594142913819 0.5110001314603365 0.01403113731971154 0.9999738931655884
1 0.49557889498197116 0.047359252342811 0.5086984487680288 0.06348609337439903 0.9999597072601318
1 0.06309474651630108 0.17313524686373197 0.08113927987905649 0.1888106712928185 0.9999157190322876
1 0.7068343411959135 0.16762478168194112 0.7248001802884615 0.18655341515174279 0.9998612403869629
1 0.5508262751652644 0.02624886732835036 0.5706965050330529 0.039274485661433295 0.9990147352218628
1 0.32514092078575724 0.9166911433293269 0.3402385770357572 0.9342634465144231 0.9974523186683655
1 0.21501814622145432 0.9742578125 0.23671480618990384 0.9948818734975962 0.9867488145828247
1 0.3052990253155048 0.4187022986778846 0.3236006047175481 0.4351839036207933 0.9803810715675354
1 0.7588200965294472 0.9571442119891826 0.7822034630408654 0.9754122220552884 0.9480851292610168
1 0.8556541090745192 0.04357762263371394 0.8841180889423077 0.06387757521409254 0.8838335275650024
1 0.20844942533052885 0.09464663578913762 0.22479989858774038 0.11411986130934496 0.8270142078399658
1 0.4467961707481971 0.24611290564903845 0.46588585486778844 0.2664710881159856 0.6946567296981812
1 0.37163365290715145 0.9750262920673077 0.38801365778996394 0.9920877779447116 0.5523976683616638
1 0.31463606614332934 0.2815721717247596 0.3313031710111178 0.2996869131234976 0.43873104453086853
1 0.20819127009465144 0.022915505629319412 0.22320659930889422 0.04177906036376953 0.21281664073467255
1 0.8390557391826923 0.08329824594350961 0.8620518141526442 0.10276354276216947 0.1264803558588028