1 0.8715986515925481 0.8427554086538461 0.8798261906550481 0.8583607835036058 1.0
1 0.5383736947866586 0.6123459566556491 0.5494938307542068 0.6301417424128606 1.0
1 0.5004417067307693 0.8425992525540865 0.5115241417518028 0.8614669095552885 1.0
1 0.8441726449819712 0.3335719181941106 0.8522329477163462 0.3507281494140625 1.0
1 0.2980402080829327 0.91055419921875 0.3179901827298678 0.9261802321213942 1.0
1 0.10866415170522836 0.02781612983116737 0.12193688025841345 0.04292894803560697 1.0
1 0.1271328852726863 0.9368133075420673 0.14436951857346755 0.9525296724759615 1.0
1 0.5900425368088942 0.9256785231370193 0.6099853046123798 0.9393239182692308 1.0
1 0.5540140005258414 0.30432581974909856 0.5620309213491587 0.32022362342247596 1.0
1 0.031319808959960935 0.07232828580416166 0.0449302966778095 0.08973818852351262 1.0
1 0.8039649376502404 0.33045372596153844 0.8143080491286058 0.35051537146935097 1.0
1 0.7002891657902645 0.7565776179387019 0.71017333984375 0.777537841796875 1.0
1 0.2902671696589543 0.2329448054387019 0.3037584979717548 0.24999237060546875 1.0
1 0.8810011643629808 0.05291337233323317 0.8995899376502404 0.06303592975323016 1.0
1 0.5676198167067308 0.9039352651742788 0.5799533315805289 0.9283482008713942 1.0
1 0.7256594613882211 0.2555577674278846 0.7442123647836538 0.2637494835486779 1.0
1 0.9102692119891826 0.8253521259014424 0.9264861591045673 0.8350182166466347 1.0
1 0.07355123079740084 0.9664332932692308 0.08914004986102765 0.9896693772536058 1.0
1 0.5059953425480769 0.701369394155649 0.5149256779597355 0.7229808631310096 0.9999998807907104
1 0.7239472844050481 0.23290825477013222 0.7404372934194712 0.2436456298828125 0.9999998807907104
1 0.34790247990534856 0.195166015625 0.361057621882512 0.20616370567908654 0.9999998807907104
1 0.7225692044771634 0.6997732309194712 0.742693105844351 0.7096890024038461 0.9999997615814209
1 0.6407815317007212 0.22035888671875 0.6492778132512019 0.23721144456129808 0.9999997615814209
1 0.7275493445763221 0.3114598435621995 0.7442122708834135 0.32067286564753605 0.9999994039535522
1 0.5322261868990384 0.0038215904969435472 0.5436335167518029 0.021259808173546425 0.9999983310699463
1 0.6507453331580528 0.22147303654597356 0.6586453951322115 0.2372632070688101 0.9999951124191284
1 0.7239759709284855 0.24265545184795673 0.7433066030649038 0.24883934607872596 0.9980497360229492
1 0.6414374718299278 0.7204641488882212 0.6646037879356971 0.731702129657452 0.3042449653148651
1 0.34734656700721156 0.17661450899564302 0.36077256422776444 0.1886358877328726 0.24651281535625458
1 0.8969138746995192 0.049633636474609374 0.911002948467548 0.05962977482722356 0.05894148722290993