1 0.6606095064603366 0.9441241924579327 0.6801668607271635 0.9561299954927884 1.0
1 0.3764710646409255 0.4414227764423077 0.3902850811298077 0.46348970853365384 1.0
1 0.24576524000901442 0.7857880577674279 0.25737264779897834 0.8045636455829327 1.0
1 0.0009894651633042555 0.9645634577824519 0.020403163616473857 0.9778122182992789 1.0
1 0.10469491811899038 0.5879305795522837 0.11589758066030649 0.6070325646033654 1.0
1 0.41093468299278846 0.16018694364107572 0.42237051156850963 0.180576418363131 1.0
1 0.22418330265925482 0.964175274188702 0.24377664419320913 0.9770303109975962 1.0
1 0.13236075768103966 0.19257412250225361 0.15054164006159856 0.20613945594200722 1.0
1 0.2680724862905649 0.7684112548828125 0.29051966740534857 0.7811064265324519 1.0
1 0.15974300677959735 0.29199920654296874 0.1730084228515625 0.3122203416090745 1.0
1 0.911765887920673 0.9480886606069712 0.9281516676682692 0.9595359450120192 1.0
1 0.4003248478816106 0.9524676983173077 0.4132457087590144 0.9727672400841346 1.0
1 0.44449805626502403 0.5539529653695914 0.4672397085336538 0.5666879507211539 1.0
1 0.11881144596980169 0.21417144775390626 0.13484751774714543 0.22969019963191106 1.0
1 0.06038685138408954 0.37707575871394233 0.0839145249586839 0.39030071551983175 1.0
1 0.08516669053297776 0.767258066030649 0.10434925959660457 0.7785958158052885 1.0
1 0.05748106149526743 0.9204375751201923 0.06957296518179086 0.9421665602463942 1.0
1 0.4227728740985577 0.7260790076622596 0.44510892427884613 0.7369255652794471 1.0
1 0.33504176213191106 0.22019925631009615 0.35630023662860577 0.2314215322641226 1.0
1 0.4041679969200721 0.743535391000601 0.4167491736778846 0.762394784780649 1.0
1 0.43042762169471155 0.4155968299278846 0.44944312462439906 0.42699716421274037 1.0
1 0.11105481661283052 0.39308765117938704 0.12170381986177885 0.4096071213942308 1.0
1 0.40848646897536056 0.4312367131159856 0.42086820162259614 0.45061983548677886 1.0
1 0.40740206204927887 0.39620689978966345 0.41694781963641825 0.41388155423677886 1.0
1 0.37217332106370193 0.7018653752253605 0.38566741943359373 0.7218260310246394 1.0
1 0.09619456364558293 0.9227972881610577 0.10675528893103967 0.9446957632211539 1.0
1 0.1676221876878005 0.7948348294771634 0.17764732947716347 0.8130943885216346 0.9999998807907104
1 0.23978996863731972 0.983706524188702 0.25082789494441105 0.997847900390625 0.9999998807907104
1 0.6470960881159856 0.969199688251202 0.65786376953125 0.988019268329327 0.9999998807907104
1 0.40277630145733173 0.5958535531850961 0.4164728722205529 0.618035888671875 0.9999997615814209
1 0.355584482046274 0.2202159705528846 0.37413353553185097 0.23257673997145434 0.9999997615814209
1 0.01984038866483248 0.5335000375600961 0.037086199246920075 0.5506681941105769 0.9999996423721313
1 0.2403381817157452 0.9112063363882211 0.2539498431865986 0.9297927621694712 0.9999995231628418
1 0.337204096867488 0.23192148061899037 0.3560178786057692 0.24085707444411059 0.9999994039535522
1 0.28698385385366587 0.06391048724834736 0.30535250150240384 0.07518442007211538 0.9999994039535522
1 0.4331502591646635 0.42823279747596155 0.4533946814903846 0.43727036696213945 0.9999991655349731
1 0.09489825908954327 0.00486813655266395 0.10677770761343149 0.020452609428992637 0.9999990463256836
1 0.2709521719125601 0.013711588932917669 0.2899278376652644 0.02652564415564904 0.9999986886978149
1 0.41218233548677885 0.17757589486929087 0.42298325758713945 0.19434713510366586 0.9999982118606567
1 0.4076130089393029 0.5109305983323317 0.4195911114032452 0.5299807974008414 0.9999972581863403
1 0.031144441457895133 0.7468854698768029 0.05301207322340745 0.7586841759314904 0.9999957084655762
1 0.42062631460336536 0.7366399207481971 0.4394946758563702 0.7446723351111779 0.9999923706054688
1 0.917437274639423 0.9295046762319712 0.9304233961838942 0.9446054311899038 0.9999902248382568
1 0.41363253079927886 0.9760033240685096 0.4410307898888221 0.9909417255108173 0.9999874830245972
1 0.2823379986102764 0.05577745877779447 0.3038267869215745 0.06752525916466347 0.9999792575836182
1 0.2540428044245793 0.005789388876694899 0.2728010676457332 0.017905521392822265 0.9999595880508423
1 0.12204454862154447 0.9788578913762019 0.13040364192082332 0.9923393366887019 0.999901294708252
1 0.4584117243840144 0.1921977233886719 0.4783309232271635 0.20485553448016827 0.9996601343154907
1 0.6166742412860577 0.9672284405048077 0.6289998215895433 0.9840468186598558 0.9943348169326782
1 0.7611705603966347 0.1699588364821214 0.7783983435997596 0.18722198486328126 0.9933611154556274
1 0.1484112314077524 0.9653375713641827 0.16576614379882812 0.9736473670372596 0.9271973967552185
1 0.2495733173076923 0.9873887282151442 0.2628315852238582 0.999893798828125 0.7985562086105347
1 0.7652761606069711 0.13549656794621395 0.786801006610577 0.1502388704740084 0.2548452615737915
1 0.10805957500751202 0.26163055419921877 0.12528812115009014 0.27667637751652646 0.13862431049346924
1 0.7678214205228365 0.14869249784029448 0.7864043250450721 0.15909277108999398 0.12230129539966583
1 0.08597772451547477 0.017318429213303788 0.09645748431865986 0.03312135256253756 0.08640342205762863
1 0.28460169865534857 0.05889026348407452 0.30445774958683897 0.07136168846717247 0.07880985736846924
1 0.7087884521484376 0.005775553629948543 0.7279975773737981 0.02039106662456806 0.053409744054079056