1 0.4814909010667067 0.970037841796875 0.49693096454326924 0.9873683518629808 1.0
1 0.3905950927734375 0.6444557072566106 0.4089544677734375 0.6608807373046875 1.0
1 0.4335826697716346 0.6023582106370192 0.45206669734074517 0.6213817889873798 1.0
1 0.5366863074669471 0.5369157996544471 0.5577121206430289 0.5476206618088942 1.0
1 0.026801256033090446 0.02653247246375451 0.045301017761230467 0.04068807161771334 1.0
1 0.3116123610276442 0.8899408428485577 0.3269066678560697 0.9055812424879808 0.9999980926513672
1 0.6098316838191106 0.3972960017277644 0.6279299692007212 0.4130029296875 0.999947190284729
1 0.04807633326603816 0.6177811842698318 0.06376359792856069 0.6344402137169471 0.9996069073677063
1 0.9667205341045673 0.7839522611177885 0.9869451434795673 0.8033037860576923 0.9990466237068176
1 0.9408848219651442 0.02181748316838191 0.9561672738882212 0.0415224838256836 0.9979835748672485
1 0.6136665696364183 0.9540301983173077 0.6284813514122596 0.97035400390625 0.9778645634651184
1 0.9488802396334135 0.13446976881760817 0.9637672776442308 0.15322039090670073 0.9752373099327087
1 0.09924876286433293 0.1749764427771935 0.11474785437950721 0.19260385366586538 0.9634988307952881
1 0.9782897010216346 0.23563755915715145 0.9948575533353365 0.2550024883563702 0.8916577100753784
1 0.7346006892277644 0.266121826171875 0.7475677490234375 0.2832062237079327 0.6442094445228577
1 0.3874651630108173 0.14828623845027042 0.40010629507211537 0.1641834435096154 0.5999302268028259
1 0.6376046987680288 0.9737376051682692 0.6534494253305289 0.9903565392127404 0.289451539516449
1 0.2591373150165264 0.12395882239708533 0.2749883563701923 0.14323472243088942 0.15251608192920685
1 0.9669035456730769 0.07112018291766826 0.9859297062800481 0.09486978384164664 0.1051255464553833
1 0.02529965033897987 0.6431950495793269 0.039426131615271934 0.6597544978215144 0.07776535302400589