1 0.8716264460637019 0.8423269418569711 0.8799823467548077 0.8584934645432692 1.0
1 0.030989285982572116 0.07305203951322116 0.045114907484788164 0.08912643432617187 1.0
1 0.7221536020132212 0.6999655386117788 0.74260009765625 0.709603271484375 1.0
1 0.29015237661508414 0.2331067364032452 0.30367537278395434 0.24987001859224758 1.0
1 0.34827594463641826 0.19512161254882812 0.3608800095778245 0.20651378925030048 1.0
1 0.5905030235877404 0.9252655498798077 0.6101512732872596 0.9396526630108173 1.0
1 0.844027569110577 0.33340423583984374 0.8525630070612981 0.35070716271033653 1.0
1 0.5382482440655048 0.6124862905649039 0.5496066049429087 0.6297366567758413 1.0
1 0.7245004507211539 0.23319347675030047 0.7403471491887019 0.24286792461688703 1.0
1 0.7006632173978365 0.7567627892127404 0.709917226938101 0.7766811429537259 1.0
1 0.7244178185096154 0.24264425424429087 0.743576894906851 0.24892564039963944 1.0
1 0.2987109844501202 0.9109858586237981 0.3175458233173077 0.9259938401442308 1.0
1 0.07375069251427284 0.9663519756610577 0.08895479055551382 0.9893789438100962 1.0
1 0.7255466402493991 0.2556127460186298 0.7439165320763221 0.26365128737229565 1.0
1 0.5003616098257212 0.842581787109375 0.5115857403094952 0.8612925368088943 1.0
1 0.7272715876652645 0.3115656926081731 0.7438469050480769 0.32084991455078127 1.0
1 0.5057953819861779 0.7023713097205528 0.5151451697716346 0.7232791841947115 1.0
1 0.10852641179011419 0.027916990426870493 0.12206334040715144 0.04322715759277344 1.0
1 0.5678846623347356 0.9034567495492788 0.5802102426382212 0.9298893855168269 1.0
1 0.6511076941856971 0.22230433537409855 0.6588622107872596 0.23733140211838943 1.0
1 0.12757819542518029 0.9370172588641827 0.1442455819936899 0.9528342848557693 1.0
1 0.5327740478515625 0.002916060594411997 0.5431093656099759 0.02029731750488281 1.0
1 0.8811589167668269 0.05357502277080829 0.8994775390625 0.06338764484112079 1.0
1 0.6408251953125 0.22032984806941106 0.6489193960336539 0.2374914316030649 1.0
1 0.8040496356670673 0.3302722637469952 0.8145235501802884 0.350264164851262 1.0
1 0.9101971905048077 0.8254103440504807 0.9266375262920673 0.8353020770733173 1.0
1 0.5538916015625 0.30409341665414663 0.5618443885216347 0.3204434204101563 1.0
1 0.7060405085637019 0.3703252469576322 0.7158470271183894 0.3877943303034856 0.8836594223976135
1 0.5427974759615385 0.015542991344745342 0.5533258056640625 0.03048594254713792 0.643719494342804
1 0.28156062199519233 0.9151987868088942 0.29811854435847357 0.9300046950120192 0.08044839650392532
1 0.34900897686298077 0.1752113577035757 0.3603577129657452 0.18866411649263823 0.05608193948864937