mean r-i
0.3331394958404017
0.6609488532449461
0.7551557691678035
0.7398757920223584
0.6532915506897448
0.29306257593177776
0.6363131857660189
0.27942610434460935
0.1994854507144419
0.20419358049541447
0.28436238006682935
0.19810239629314985
0.2325515550153936
0.2104537699341531
1.8816316396058061
0.19282315583850362
0.17890865790767307
0.25297772772646
100
100
0.3064590477222051
0.25242868013600006
0.21313880457510592
0.2661293008485055
0.1384646083890031
0.2221172799367368
0.19625774359707648
0.17258438632868334
0.19379252400341151
0.22477081140471178
0.20913726718708503
0.2620354254509021
0.2190406560884064
0.7628671365610291
0.1824508305722956
0.17332186143606343
0.21019761442378115
0.20801366083087647
0.1587741972600787
0.5871550467099089
0.2805220136622051
0.19768954597620336
0.18139877020130424
0.1803433047120082
0.3014737522977189
0.18247403101395498
0.21583484359932825
0.7311596719085465
0.19587198816183626
0.2627131458450762
0.24907494350721393
0.19366790162877212
0.217798935753172
0.1816167023064006
0.34336701303821027
0.24629128048844162
0.21513152038936756
100
0.32970291992327105
0.24775390575285172
0.8676940739162209
0.3325352068713947
100
0.9285550128827502
0.20204897667823474
0.25857231020663196
100
0.30904157545849653
0.46793265239837556
100
0.7068958110610106
0.3228179002044236
0.194095914035179
0.2508567381614384
0.24315033040703504
0.2117051401327057
0.17606650823862147
0.24116481601995332
0.22967319152827148
0.2686681607790229
100
3.338085382465356
0.22944185383209348
0.38396241674271536
0.3039859645305052
0.1836140272954756
0.25666549206235256
0.2378047093464417
0.9101286480164612
0.261960953043368
0.20279250812181004
0.7593452719580407
0.23309530329329764
0.2310981227878841
0.4036142614095235
0.7312409818315295
0.2368028313748729
0.9537355733132893
0.3017476102402812
100
0.22684886404802107
0.33396237821403396
0.691587076923553
0.3343961923659995
100
0.2694366126583354
100
0.2262960057756498
0.33369368669140265
0.2772352921171093
0.3054013953559185
1.2853534566843177
0.19210196821222514
0.2224565540149417
3.611918831054739
0.7869684485638277
0.24271346821775452
0.2805164214980511
0.289403013023497
0.36946037573152957
0.25485846840533544
0.2551090338641062
0.287111604503135
0.24848058060147427
0.3471424367632965
0.32370356682153023
0.25864942512381894
0.7330820716040547
0.27799234589171995
0.28148132357459854
100
100
0.26304080445681244
0.31780199556382804
0.3381427093119189
0.24642570238764172
0.306502410879812
0.3254231227011104
100
0.3606930270438662
0.3535753384355447
0.31640818159894923
0.8089032426048641
100
0.1943803731593512
0.29764119039000647
0.24732385106247623
100
0.6036575757627123
0.26066041910723836
0.6036575757627123
0.40058681933413265
0.2952674220098439
0.3894794672764288
0.555181719866968
0.3945185265517992
0.4000179722044823
0.7977893679314185
0.2743732949061135
0.2534509779630385
0.40002297577414136
100
0.47681425590216087
0.39128778022406596
0.30683207233535814
0.4405866687709219
0.35307041663159655
0.8642877813727425
100
0.4024671446740191
0.22795044683553822
0.3753942928953222
0.3722352996114955
0.5005957269577914
0.9976362102644156
0.8016947970657355
0.46067751564314996
0.3208067634388465
1.5127777463896273
0.281810331018705
1.1161767922890542
0.34829263067195004
100
0.3314266775309642
0.5555821316494773
0.3865481613091015
0.1779012099561177
100
0.4006522598714062
0.4410184594806088
100
0.4976525489577046
0.8383933902717651
0.42110314033060714
0.3545305672138088
0.31250460686969195
0.39484947359764355
0.3181367418361081
0.2936665329068946
0.8597070173406074
0.33520344595921703
0.763265175925639
0.3117683554521742
0.7632578350543735
0.6932719817303905
100
0.6766065708061024
100
0.8966113988684956
1.045779646446074
1.4408127193364075
0.3280265048218869
0.34714591240426707
1.8516385338007755
0.25636601186670216
0.30957100716429675
0.3054855955660667
2.0958705479859905
0.3944132963486737
2.0399656267853477
0.3911462524895528
0.42870640256227777
0.45639820127770303
0.3004925860329042
0.3629215902083187
0.3721435621023028
0.32764236679965375
0.4662243247733393
0.4303595357794885
0.5176036059234264
0.5762016495706899
2.0206383142590045
2.649313459218794
2.016806162081954
0.3799307905922067
0.3664200463258611
0.537682920614694
0.344516002571428
0.4343470815405208
0.8996571021833324
0.4815162427480111
0.4143239706711288
0.39937347521166977
0.3470599292410963
3.2246074527477857
2.4175534867158
0.7245704782245284
2.0934596133610945
1.542092206872674
0.37734793121659216
0.36553914133319765
0.36553938376706174
0.5190101909590226
0.3570928779109259
3.3334178868413638
2.460345778786774
0.5991825209924233
1.8588044540503939
0.4324063079641416
0.4078059475885025
0.8588327597730441
0.33460616533976406
0.38024085171249045
100
0.5848879548317578
1.4744585831348571
0.36402009417010106
0.9963771007518636
1.6261502287805731
0.4616165133664012
1.0016292601266494
100
0.9898989042607491
0.9898989042607491
100
0.5149121459575436
0.4356176634855595
100
0.39213604217260833
0.6229482407950746
2.9409790587755404
0.3420424249973131
0.42076512039143843
1.0580522017792529
2.7217617695496577
0.43516984775488776
0.43703718159685057
0.4939249647937469
0.42750470928762496
0.3952883181587028
0.48804926088230705
0.5534626907113713
100
4.213731835873867
100
0.504811068209361
0.6726507207358265
0.519199007443711
0.6229482407950746
0.3695620679117111
0.5167319190329298
100
0.44751033802362805
2.259622189276418
100
0.6914993646319436
0.49642889304229865
0.4744148893831177
100
2.5029988607547864
0.5537908331391028
1.8989434546148747
0.4325121625368826
100
0.5154711051634608
1.7858742974893733
3.136218633110027
0.42734153300745525
1.7153594301234998
0.4957690516386357
1.4107133829344702
0.5007917628120104
0.5651492523155568
0.4785744282265805
0.7259935661322672
2.194713739899578
2.2303303784588113
100
0.4174697019038991
0.5026138394073651
0.3595864918099245
2.877830734822793
0.6067821654247831
1.934714240547109
100
100
100
1.5347322879312744
0.4982037400307915
0.6084976110159896
100
0.5788686601600066
100
0.6126118761901633
0.46906414505881067
100
0.5081496342202376
0.4848466798833986
0.49735422705005394
0.5788721719649468
0.5218646225642809
0.5141621550984921
0.4698704212258962
100
0.4945908059180306
3.8152263198310123
0.7858757926277278
0.7591715465918956
0.5130380423230019
1.895253561327639
0.7495481243462532
0.8684530942212572
0.9206154471487054
0.5394382272832496
0.5014948587415997
3.6290062890255284
0.5492583125186119
1.5788943043105448
0.5103620004257037
100
0.7538138510071635
0.5497629817408187
0.4216539285198273
0.35363163548552734
0.47371109101080844
0.5653758224725784
2.6703045144880653
0.44066868672742654
0.3940426362795595
0.5653758224725784
100
0.44054202315934443
0.49165073447614915
0.4426392975845408
0.6241368271292131
2.8467900291403705
0.5626096310464792
0.5365033235740748
100
0.5104591585893123
0.8302973051613156
1.5257140627812404
0.5410658777602952
0.5367847478373662
0.4822643810711762
0.5000487039097576
0.7635045995060823
0.7427681768562246
0.5946118199845847
0.5289569708599089
0.6635983234665765
1.6309628208404163
0.5350706079736041
0.8302807684315514
100
0.8347983653261561
0.42488570121873437
0.49113243147936636
0.4636471356511622
1.516614910382824
0.5000487039097576
1.6107315801477942
2.0202042715770627
3.3324887637717904
100
0.4508809586090967
0.4387405540703355
0.5637047515062781
100
2.1768371243382605
0.5798884212141981
0.570439983602034
0.7568676452757046
100
0.5018514826704497
100
0.5018514826704497
2.036464067879317
1.8482518303339397
0.585800986965423
100
2.1768371243382605
100
2.1768361603932878
100
0.580883442517214
0.5324744152077603
0.5930021997174881
0.49973543375062857
0.6238087386527562
3.2463090105743513
2.2976585455762812
1.1355382900870898
0.3178811621811235
2.2976712467705687
0.8355945683594808
100
100
0.7869590899715329
0.45873419244483227
2.723422555172627
2.283233921635338
1.757071238424432
0.7708969073712542
0.5420339266986671
0.47775206355714595
0.6585973151836004
100
2.297644196017469
0.5722361101753703
0.628758713797299
1.6874385372255825
0.49624336744369835
2.5336268771193104
3.264308799242704
0.5747876314734368
1.0708354708292322
0.5095067256572827
100
0.7350550220386234
2.2674558162277876
0.692563585880202
100
0.6210424216535388
0.4948348249429815
1.6860151528920202
0.5886016453890104
0.5142825663674273
0.6218479304349458
0.6984107354231339
2.3670227450656487
0.5415509405496763
100
0.6198814937603192
0.565239041544495
0.4478130758091483
0.855226497258414
1.3369543183856312
0.4520301758165983
0.6317203035650714
0.5205916267486748
100
0.6438991280864048
0.8552380318831325
0.6031363096024123
0.59633324102054
2.0589417056695742
0.5607882547086334
3.07934398886907
0.4977257394613588
0.6838661243176682
100
1.8184611523746872
1.3326121341951263
0.5610757980565078
0.6439008039393448
2.1191214527345164
0.5088689925830758
0.5983261294420092
1.3596792119626686
0.4896041240828888
2.6834938656317533
2.1191217108619043
0.5277258103039335
100
2.1191194963718907
2.3393001012381456
0.5277273058712026
0.634729107917499
0.609931161256906
100
2.329257057067826
100
1.5030783044498248
100
0.5284268143676982
2.135662164117841
0.4406217817292397
0.5956389518615115
100
1.5031070165534937
1.3845447054354887
3.545863968668386
1.50312591344135
2.2739522223337527
100
100
1.5988711458629572
2.4744116600017527
0.7536418159444738
0.5011754876492018
0.6223714539400804
1.7903994068696418
3.142635067893031
0.5563521768991464
2.4425453158052077
0.5317525541389276
0.7163029918834596
2.1356628001695945
0.5919511087229594
2.135669175393275
2.129708750551302
100
2.135669793821349
1.6789280804801816
0.6418168039255345
0.911264579350048
0.5077483678973103
0.6699853877605255
0.5669861673561041
100
0.5922017750572124
1.3410293569314558
100
0.7378651335124262
100
1.6431254112053493
100
0.565031612034419
2.329568078548598
100
1.650980461552555
0.7291370153443957
0.5213872274299831
0.5334560242116124
2.222253362006052
2.329555389301084
2.0272817590439915
0.42655569493615797
0.5480949993576232
0.5557679650126675
0.5673293759300995
0.6134332578006001
1.2755203471930816
1.1658529409247373
2.397677071506468
2.222244873129778
100
1.611413143864226
0.6459313538209628
2.8144502967024305
2.86461832390093
1.2382291537340357
100
1.9854849112084292
0.6114514615880369
3.2697510214213894
2.39357684159269
0.5429852895156735
2.5723577743500643
0.477365399024114
0.5538480748759405
0.6162447196029408
0.525737596687244
2.0800573811094614
1.7264036908182794
3.2771039568450826
2.0298258838884466
0.526323786674511
100
0.5068596210359972
1.5719404971536353
100
100
2.430079430980233
1.5282942576613072
0.8263972571824372
100
0.5367915046141336
0.6550702452280301
1.9386181788043615
0.8264014165104125
2.4300697417949335
0.5263070647675585
2.409390235140555
1.6741327433979158
0.5122675478746777
0.5638843781537615
0.5746317170724975
0.7471818524528784
0.5638843778982023
0.5525601936808
100
1.8238812498844021
2.9900042009914953
1.6287625099074523
1.827179975608395
0.7641434165267613
0.8192234836810233
2.2592121795822306
0.5562442303139994
2.259209568637525
2.373606349503401
0.6879951026431712
0.43445374533537073
2.7193830289332244
0.6618974641578124
0.6439491511843363
0.4711202938655408
1.2741396949900716
0.7719519354262783
0.6227912987306778
0.5432246444910449
2.078867202933046
100
0.8116475996030124
0.5961141052743963
100
0.9298463115166333
0.7671285818139904
1.6612197565312847
1.8373337416643452
1.6612196606236225
2.3674036469698683
0.5323658629325987
1.6461740745983224
0.7286176977497192
2.407729761982991
0.7549494474892002
2.3892630360787193
100
0.6570966949163415
1.5137402300794456
100
1.716709473900572
0.5189551718655601
2.0225770796666165
0.6283392203014033
0.657108671274707
1.3679708744195747
0.6500190292806858
0.6219505254722497
1.2262413091606907
1.300528693642656
2.6583987726341185
1.2026053021862184
0.5769763649321726
1.2026053021862184
0.7719451485048374
1.693420772008908
0.9236147925096558
0.5573868245509583
2.3856669473481364
1.615664041830427
0.9584416577849835
1.3267515990056786
2.461728839458318
0.5429749931525576
1.658292096455126
100
1.5939472907533938
1.485539639030005
2.6758678718739644
1.6840885943351758
0.5370821038592846
1.3102633583511807
0.6922636607416282
1.5793166832333467
0.49426319184623235
0.5657769983114207
100
0.8521768857010033
100
0.7818860640288134
100
0.8967088227476117
0.7372170651235033
0.5257009398256782
0.6804381682503085
0.4375552879944191
0.5842178887515592
2.457537365954659
0.8324098169499337
2.3563264178691856
2.457536453715888
1.6166529816490947
2.279132023469132
0.5403070693027949
100
0.7165161542693541
100
0.9277643786672254
0.8284111803284517
1.3084316534418257
0.6840230866279144
2.8161799576953435
0.5463512168456104
100
100
0.7165113978488842
2.2469770720053504
1.7547695603856663
0.9277730569119669
1.3110388682070653
100
1.4418166943678834
0.6234409046348768
1.4868906091820788
2.1756246493970597
0.7768094498947189
0.9899678790894155
1.3110488068132833
1.4236456394004895
2.7375559736499415
1.2972569781597763
0.8834935539121123
100
0.8834935539121123
0.752240301007788
0.6029888146687918
1.297253887183258
0.4392309607252818
1.734382939633857
0.5470920098519194
1.423636418191606
0.5622541616098955
0.5401047051592602
2.379639160450444
1.5301399448440751
1.5498539481105436
100
0.5808049793051229
0.5487370525005346
2.119387012180259
0.5025919047522018
1.5337302101532018
2.194879695886402
100
2.1424045550674045
100
0.5192316842136009
0.5177078344241224
100
100
100
0.6769160132871024
2.1423838728023252
4.18671412988844
0.6622179805997357
2.797627337616742
2.246966139950805
0.5217050084452994
2.3091333014404762
0.8528176462795427
0.7544633605298534
100
0.492646039630932
0.4974361290171876
100
0.8312359733698198
1.4373313788453972
1.6023181989753779
0.5128385311424779
1.2904720895598496
0.5633940363990053
1.6000285477857128
0.6079263663683934
100
100
0.6046054182671412
0.6243835357703551
2.03213876715159
0.5554481114234973
2.8671494340895816
100
1.252996782632529
100
0.810103218980526
0.8257093386303822
0.748564753528763
100
100
100
0.8365930166194273
1.7645670756331988
2.591605887728723
0.9238073795082533
1.6414448258040464
2.415942950566368
0.5263492242877774
0.7626532846217504
0.4797937221823343
0.4253189637819075
2.591605887728723
0.8155045043625266
0.6119799611232573
0.9937780826964708
0.36768619102291655
0.33640076452617684
1.2029589163109833
1.896624851506509
0.7439861131242944
0.5192331322487682
2.415902660594184
2.3620146670271147
0.43935055914544296
0.8180541437716231
1.0652016230603056
0.43935270546311056
3.027827819003046
1.39811460808302
3.4421907952168223
0.4393484128193066
3.4421907952168223
0.5812075059257387
100
0.581199255341307
1.4560552090879169
1.2904725482556643
0.8180541437716231
1.2904725482556643
1.0617365516893686
2.584831710315112
0.5579497238008404
1.203155352231077
0.7364342058624143
0.6243838358168263
1.3220843941895142
1.950999108520599
1.5150340008153087
0.6582337219832182
1.8930701215844845
1.6277844246542594
0.6243818018920191
100
1.7511696265898946
3.72793408280537
2.349001240922175
3.6680935789096942
0.7487851647677433
0.5286192667792244
0.5582863774244675
1.065208654856641
0.7295322037964631
1.1912567891302137
3.106855809654463
100
1.9444814388259042
1.3888268944061641
0.6125460702648349
1.7254493529995605
2.73235296435863
0.677890557503785
0.5132449356188236
100
1.600448360866804
2.6814303447391277
2.1672070319903938
100
0.5600169721659931
2.28743773795607
0.5663263685989977
0.6778943528124648
2.8534386593252012
2.55733515627355
1.0934587950250183
1.556316545109091
2.9612579444592715
1.510803874189616
1.487424639267763
3.15734270885482
4.028561908109992
100
100
1.6831075824913526
100
100
3.0402864144389303
100
100
0.8191661840714044
1.0357211868351452
1.330872047685097
1.6804088471654666
2.1672070319903938
1.035727784218368
0.5677435401803343
0.6207734624747578
2.5263258104650044
2.39540020616285
1.9509972576377832
100
0.5415841229934539
0.5895257026505734
3.0365440207191874
1.9509972576377832
0.6084872448717196
1.429854373940291
0.8116349538529972
1.9682089449755908
1.4298531082416952
2.3782592971092864
1.0408183931976849
0.5382114016100301
0.3730592510421422
100
2.0575194799485192
1.308125562595733
0.7568029642977336
1.7296470194537914
0.584721203628809
100
0.9639694197226625
1.7166320848073164
0.6673330356381477
2.113646493000446
100
2.614058300257067
100
2.2256996670119964
2.1291304925451806
2.8300247437982575
1.3980439963317357
1.156171033644596
0.659089562882202
0.7530081242369011
1.9844469688175277
2.8219012125699825
0.7516767189117122
0.5697653712637196
3.042895930708611
2.7439164879730518
1.4048553786935019
1.5188515513890781
1.375082675039299
1.2189232523431537
2.395382276714079
3.519675621799374
1.6412022174641239
0.6995913889129772
3.1533871636629858
3.519675621799374
1.2714903617952507
100
1.008602089983869
1.881942865363893
1.008602089983869
2.497620651125196
0.6673350302828958
0.49864888886111025
1.008602089983869
1.9129524325241407
2.3954081657089956
0.5530010461624055
1.138396282857708
0.5570588476260232
1.5756563348631891
2.7000842759907417
1.4669266142684343
2.4806393280513808
100
100
100
2.104772332002667
1.4004911147871146
2.614046952789338
3.5567134437742016
100
100
0.579642969703845
100
2.1819261978203164
100
1.6188869765912504
100
1.0541050832212715
100
1.388844054667973
1.1001267217319022
2.2675780699928643
1.388844054667973
100
1.100125185641926
2.5469312116948437
100
1.0391448114034514
100
0.5643882263773774
1.4656783723902453
0.5643864466050426
0.5989226254959048
2.216700652497698
1.7989292651495026
0.6236559754028157
0.7159651074814732
1.6642245598723084
1.379922157951457
100
0.5290594012647976
2.6190982614804454
100
0.4306140210882399
0.6206714434820775
2.771698070365061
2.261183605151455
2.771698070365061
2.2498552255732145
0.6529797485763984
100
2.1449536142375134
1.4548168203909997
0.8860000918993123
0.5184480941077316
3.3672467819129652
0.5362773652779493
3.0403170903788697
100
0.6392605959572419
1.3135077889656728
1.8954536224853182
100
0.49769079647346537
2.583305580350295
100
2.6774422890509992
0.6236478733568607
3.391252480782371
0.5692355475912665
0.9614845128021141
100
1.5849531111188222
1.6338600979339555
0.6255008341048285
0.5290549696262081
0.619059433853578
0.9257313070041953
100
1.6535471810967266
100
2.1997898589289946
2.1161627356329795
1.4544852066871607
0.6242580203614798
0.7149038650920696
3.0963996221598657
3.201466628131599
100
3.0018640337709153
0.6546183874680152
0.47650479414247027
1.2986923604194187
1.4266619311570112
0.6242682354052134
2.425889798382377
2.663520543081516
2.2715639737621673
3.030646813003946
2.0430365263797006
2.663520543081516
0.7001838608382309
100
100
3.469855784980707
1.384409539108736
100
0.6337348237608023
0.9257314746184191
1.3067872686535882
3.0018643657964548
100
0.7630100254044097
0.5609070307252306
2.873461636744656
1.417112531930207
1.1784707306691082
1.0403699509703896
1.7716720654195282
1.2461078396244165
0.7220332120348214
1.442107882446944
2.4651189437654724
1.3089554921007425
0.8015460151839182
100
2.3471752851971415
1.6339823329566556
0.8205737694872504
0.993709059855779
1.4717443494156557
1.5097195874466003
3.1052273220707267
3.2546029378844112
0.4535658204641386
2.04322440811928
100
100
2.6474112315976717
2.1234379155809817
100
2.030447452059466
1.814223620389086
2.39159588413352
4.979725636199873
2.671957268220435
0.9698771465464642
3.654947016678989
2.255811480773306
0.5559855218957885
0.6168580549053093
1.420417921105381
0.5559855218957885
0.35155261614310174
1.6494573552392433
3.1616980443540923
1.6532671694442982
1.586857949133635
1.2692299102495106
1.5344010592004658
0.8313384136312729
0.561434807678677
1.8541068741442341
1.9931463257394366
0.720180928003824
100
1.6728154026371431
0.720180928003824
1.5412345102867757
1.3324511541920137
1.3955186738070493
2.0084934661257465
0.5295627413312207
0.5540649460180571
0.7362601373463633
0.8313557376088534
0.6016729538538561
1.5917467003879047
0.529583738860893
2.130168200067475
2.5872253098226166
1.4768691431816823
0.529583738860893
0.8513279186246807
1.5412371677229695
0.7915123646027737
1.6054852741088084
100
1.8541052139243206
1.308956891283012
100
0.9901615280982341
2.6545992834479017
0.39525711698389454
1.4062639937133987
2.3626959459887313
3.70114526629689
0.6092397505532627
100
100
100
0.803565741107592
0.6415249034608514
2.0000108081434655
2.2238079199526393
3.701157140305246
2.9450527081442797
1.4551614346556283
100
2.2237918069489844
1.3872581041802983
1.8137800324339244
1.8881152586873249
100
1.4962455502904568
0.6000410364571396
100
1.589741124484898
0.8156297349779216
1.7510910662873247
3.1863213299014363
2.4363988057044814
100
1.6290378164050567
5.873579128101512
0.6569227090229557
0.5331769503711161
1.7358188682062368
2.1840265330547215
100
100
0.6569281790838
1.338760524433555
2.571759206284696
2.083788459132678
1.022505253931608
1.3972556396791767
1.2310498420844347
2.1897813351382727
1.6954457197284922
0.6172942901740077
3.2477873538071345
1.475568521325079
0.7880526173371267
0.7760421878120329
1.6250235937417212
100
2.3707653682088274
0.7324320981038746
2.3707653682088274
2.57185688024485
1.5610697423944062
2.513373996441258
0.4893424477507571
0.9262545443788905
1.0070938897495392
0.7067615514875021
0.7967756701915762
1.4625241040993755
0.7130597186336294
1.4497996640871191
100
1.834035939984071
0.5621642000601721
0.6450172547993205
2.2931523459525387
2.5133781102056743
2.5133781102056743
0.6408597192734113
0.4779653134895101
2.3538236916442186
1.666127879578017
100
0.6778021433818413
100
3.463681313038677
1.685807454542993
2.8584899078018386
2.4570234485145743
2.3971325543035835
100
2.5269747178529203
100
1.598874198993773
2.125092258228026
2.743916973385904
1.7137137562560838
100
100
100
2.003576300618098
0.5901718289674731
2.2374958916481633
3.118926572852968
0.5210910138260161
0.537592233739768
3.274975698394676
1.5577363527839392
1.8859399664608238
1.6087649368050823
1.9632917802795609
2.7467920002295756
3.530901293646025
2.3431526023461133
100
1.9632917802795609
0.7134920992930667
0.9733271195294755
100
0.65160647649859
2.2271258378431122
1.8115975336462
0.5161626908962278
0.6432449908703433
100
2.1516916351943856
1.5444414596433491
1.7405011447158918
0.9081308651973927
0.5771889362306739
1.3863777459917852
3.4887905324065125
100
0.6914182554851172
1.4941765138055079
1.4216088707295444
100
1.6359787126804797
2.94180361213742
2.560311973713749
1.5444388325070948
1.4216090517934399
0.6351917182171887
0.5904299294742117
0.9676109401017126
1.2459444340370212
0.6432495272617107
0.5542314597176343
1.233854394550523
2.9416634849345957
100
1.0215278130194694
0.7339341784069529
0.39488405235243995
0.5542314597176343
0.8831513968340845
1.5082901998340557
0.5446710339209035
1.4319208869987197
2.7745830054559013
1.4492568777561106
2.2722268532694745
1.5262075675765
0.5383869933242007
1.2338471232952593
2.049864986675545
2.4102897945276016
1.2727304717952448
1.287887259835614
1.0334210825399763
1.6513086835097086
1.1909644253518463
100
100
1.9632989859397636
0.6627374403929389
0.6914135640030228
100
100
100
2.1615101416178044
0.4238284697138228
1.2556736174304435
1.5364582198145458
100
4.758945058128789
2.938543775035809
1.8534664213311833
100
0.6965378931160755
100
100
1.4470500780674467
1.6670826282362432
0.6976767528809287
0.5310280796462195
100
1.9211397119630176
1.7302353198983207
1.9336750600319768
0.6505216317108964
100
100
0.6120593478529406
0.8606063516346607
100
0.6268613597138035
0.8729572619616155
100
0.5667993378946798
2.768785909626228
1.9339231504198837
0.6941721005979948
0.6273366514623682
2.1669178852551045
1.7971095968180997
2.1669178852551045
1.7053172887059276
0.9636729092978191
0.8787716366544558
1.4809418301415622
0.6976721204881136
2.0684313512359935
0.8787745944259813
1.1386903062815996
1.1014501480825718
2.121295645625146
0.6415298513814314
0.9636853167879895
0.849464713599847
2.0885872844501643
0.7668797311291646
0.6976698043064617
2.31045494929716
100
2.158897309570425
2.135391026708797
2.7965888199142332
1.6095557310217607
0.667022413011825
2.150637966598727
100
100
2.996198700339133
100
1.2113925425166956
0.5697467062576171
100
0.7945162105885446
2.1765841313962158
1.5353592119801505
0.604364811921065
0.7307344054000593
1.2113925425166956
1.975069753786883
1.1386923759016172
0.8063727187670162
1.8810981132508147
0.8294146882936726
1.1386983949189444
1.8806528559505375
1.5852097668694718
0.6626332228604452
1.677884322401292
1.360635532695948
100
1.8810981132508147
0.8762030751728416
2.1502932599209634
1.4890209220850883
0.8493017940052159
0.5893173327981938
0.6276507971408565
2.7309571812985522
1.9152943463603673
0.7584512848901692
0.5497908309705313
0.6276507971408565
1.7590597038677922
2.30167626814241
0.4008194333362667
1.626583006481022
100
0.7536876985481857
2.7066811398505264
2.150318619198461
4.868487123556051
1.61802275666453
2.30167626814241
1.9260757808350286
0.6375968569778108
1.4219990743008886
1.48903016639356
1.355100749401723
2.044054656643338
1.4695627395257187
0.7128494627880064
2.466353257002286
1.69041693436602
0.8492789267080925
100
0.6362063169053425
3.0792771726544563
1.355100749401723
1.8811071553548633
0.847996607594717
3.7892718794279467
100
3.7892718794279467
1.7656877325293951
2.868963881667516
0.6894431806769292
1.3403209443498731
100
1.4981967125446065
1.2858100642116117
2.5855373557517787
2.661542071723681
0.42404837018831465
1.5253705548651304
1.3403209443498731
1.2815869452936024
0.6439260401817579
100
2.2174354173303037
1.9187297139964485
2.37263054290427
1.4785108193581067
1.9187297139964485
0.7482325162660306
0.7052812131131425
0.9369292252787265
100
2.783180489783252
100
1.8021286134075485
2.5823144170194103
0.49399030126304133
1.0265931544481148
2.0563377612753406
2.7664363043227844
0.6688199968177111
0.6161523752060676
1.9026124163716966
0.5929645860350616
0.6392761113539365
2.2241911672164907
1.3368982851995073
1.5853728788481236
0.876221075105291
0.738945891275292
0.5150148057724948
0.7857308343934575
0.8977649388274287
1.6683261448045066
100
100
0.7268630040070585
1.7130769792794522
1.0265931544481148
1.4273745960413606
100
100
100
0.627639116176578
1.9221348571449628
0.694073290834722
3.3629612656110357
1.4409303117595478
100
1.5204996822414198
1.7929507963823417
2.1447934230917447
0.7482402224483984
100
2.8443770388147342
0.5241211007027413
100
1.5167623397835923
100
1.6180226877116652
2.7664404230745996
100
3.2458310053301647
2.2626157548073014
5.489889055606879
0.5775630642003291
4.12247770172571
100
1.7131284303461527
100
100
0.774404259775034
0.5253075034269079
4.244000775141075
3.420000998942183
100
1.0357397211558261
1.4157139271097163
2.532204224458023
1.4821041701891176
2.532197029794802
0.9701723941875988
2.584889808901326
1.353585708813564
2.3566900291352066
4.140789763262433
1.1171664300093065
1.9023017758618384
1.5281474824005805
0.7361588506967012
0.901397437165282
1.9865817623359154
0.40978764692817204
1.693850790156631
1.5556529442370035
0.678446102214572
100
1.9508083732636905
100
100
0.3815388970665188
0.5951215063226618
2.071016626812206
1.643497578105464
0.7743986436840178
2.671039967831941
0.8289805342936827
0.44612509431518
2.1687010260928856
1.7577154651943792
2.1617812693118807
2.2964415104306752
3.7161240318354203
5.470313090614436
0.5951245213567429
1.2007675538840301
2.229635903666768
2.4933725551935915
0.7389902063675775
2.4063561842623447
1.6280492231881487
0.532345828397637
2.4063479485669905
100
0.73898782425952
3.019377140901512
100
3.2573335720566057
1.3769647129176708
1.0107569413556403
100
0.8416816435422261
1.5656996472827824
0.8736000883081099
100
100
0.9659232473267929
1.3426956626210513
100
0.5794482665608776
1.063451599100791
100
1.0634808110452472
1.8243743735869016
3.4618319783480906
0.4978595418686478
1.922074906270213
100
1.6965310178516777
2.6954189170388725
0.7852930162557055
2.34855647334248
1.348518199826569
100
2.34855647334248
2.5738022099232403
1.8411245779914722
100
100
1.576544602548208
0.5172186315237415
0.48217646123626867
0.8423672318927506
3.1699350307422742
0.3877734978864833
0.5748375993072736
0.6393208234630192
100
100
1.3858745297613169
1.8794663758120738
3.246961529845569
0.6592611823653387
1.1077144567142643
0.5962216078306319
100
1.9053195413982804
2.681682217980911
100
1.744764038828695
100
100
100
1.9631661725678828
0.5348006031651735
1.77713380492973
1.4990517801674574
0.4330811594019899
100
0.6491435757950663
2.7664341986909795
1.5097283652331885
2.5956294880922126
1.2008306498318957
0.9618535754320954
0.49143013620366993
1.2384917246615892
1.7305768942551767
100
2.5333329467620587
100
0.78952306861156
1.8587355547883204
0.67242952091891
100
0.6182333502818951
3.232133929467232
100
0.45763197935784206
1.788199866575952
2.2643252329316708
2.324718202807503
1.266794381284397
1.7330582799643555
100
2.1276860740523187
100
1.7882434801190144
0.7827089582340454
100
2.5849223744021135
2.7104345631222015
0.3383598439223272
1.9091909396651427
100
2.9277658672632354
100
100
1.5102978611408497
100
100
0.79669496154016
2.5119997063624417
0.598432277581372
0.7610902250935911
1.3628715543965866
3.7471048129942064
100
1.8755216300267499
1.7317452314674693
1.7070316808788428
1.4102545311239636
100
0.9618345373060508
1.1349599094567688
100
0.6385747186833868
1.53584008765724
2.736112170356644
0.913002514413801
0.918450391418995
100
1.718675060902573
0.6685569744408575
1.9722235179766274
1.7191666138605424
0.43965923878352875
2.2059587553488216
100
0.40555457521914917
2.342937590627307
0.566718255268083
0.6851681520573578
5.765816430713029
0.8827506472925544
0.4889133750118422
1.8435838429636728
2.2031372939777816
0.6622404350022464
0.5931007472785224
1.8618418893972706
100
100
2.3513475460661235
1.3825635648885983
1.184314915308411
100
100
100
1.5258232695337908
2.3787563844390975
1.1714218243069032
100
0.6010373860791027
2.020653145168117
1.694914708860713
100
100
1.3051151645830785
100
1.2507228053123907
100
1.6528305651003645
0.5292638522307982
100
100
3.2339919648556874
2.351890065083748
100
1.6070280456171417
2.285054964236041
2.0206261109128594
1.4280716484027556
0.7254976844419492
1.8434381985633879
2.209382363537159
100
1.4416135294763528
2.274876338772338
0.5454227249524486
1.6198287130761866
1.9647099692658303
100
100
1.5404789532504344
100
0.7016463669892463
1.9662130845713328
1.2819497873660417
100
2.4850549299046074
0.5075009785897215
1.2231650684697772
1.28624936726961
1.8885865345634087
3.454617722723045
100
0.08458055340943638
0.4550611471579229
2.494552004667126
0.5227052382002917
2.816804057742469
0.8271068557313654
0.9692896048986306
0.6146273867182526
1.5322305236165032
1.354847025340752
100
0.579952445962701
0.43617000164433417
1.6785302743241122
3.221271752885804
100
0.9169998098184413
100
1.212635831513742
3.4748801441306405
1.0906334040186785
100
4.050196479330339
100
100
2.0311341589841767
2.8809362860067544
2.0299178842190404
1.5362200629729665
1.6008922249218687
2.0299300355603673
3.4316146688160893
1.4605166931636395
1.1331422160131916
3.1281351088528995
1.9464807603992682
1.5511037560971195
0.3363725801540678
100
1.5148042176152705
1.5536492924969663
0.7922337953000707
2.0025705499916295
1.4742518556249742
0.7693353556837454
0.7947531579693639
0.4954085060028781
0.6711189937145976
3.4316146688160893
1.4854233992065815
3.0871308314934067
1.805853761088322
100
2.315406412794376
2.508251943430772
0.7887878116246192
2.2518910124322504
0.6129847012069378
0.35201850068763463
2.091627314743218
1.878678145899845
2.0688061171049528
1.9207487121583817
1.201823638525318
1.7582304342651618
1.464433182471807
2.0187206394982145
0.5839111247121771
100
0.5788602420944065
0.5070396023454284
2.1588479317791904
100
3.212846101913607
1.6496893734039118
2.5333329467620587
100
1.7161803055671214
100
100
1.864714087779788
100
0.2914835206449986
0.7064391478411896
1.4987377201309737
1.3351194190244629
100
0.7068719736174298
2.625671328613084
0.8595733811760766
2.249533020228398
4.066139617451411
1.733199288328584
1.6139138223309981
1.694914708860713
1.0229958313657788
1.7635259884830514
0.5582616800743274
2.4245668271590253
1.8228506767835189
100
0.6478921409460963
1.3533101198404465
1.8228508702429949
2.1489667371915555
1.5892420120160438
0.7297314238186168
2.0199264619618056
1.722640717615624
0.6613202128395415
100
2.0231371635001576
100
100
3.884015551615666
0.38463920661554507
2.4109173466531715
2.003416631182131
0.6460467398056187
1.3950861174760076
2.925299640169756
2.3213465665038333
100
0.8059893389034087
0.44109938537623883
1.8058455965519684
4.9981369176740245
1.4914383114821117
0.6360664287576467
100
1.9051161438435473
0.5992579129133038
3.0637283105847173
100
2.4150899188978796
3.6792370863396533
2.8407392325898932
100
1.613365024807238
1.494475425195252
100
0.6423016500049679
1.8875325998845085
0.6823429964250289
100
1.8916952284941324
100
100
100
100
0.598582725528451
0.7942519332712656
1.1581569467453114
1.9122017041473018
1.9122017041473018
100
2.0736368445804594
2.155640194662052
1.8875388306237308
0.5940707233035649
2.1372111770943425
2.1540549723073266
2.003479564335585
100
1.7487365790533884
1.8261997688097624
2.04768281351467
1.7579434580357427
0.7399826954892719
3.4688191565831534
0.4259292108187793
1.3618879940144115
1.6137261992615928
1.7947222543640438
2.0846506585712374
100
2.398162082647737
1.7063528068781961
100
1.0073202647559514
100
100
100
100
2.039592102041487
2.021557663005008
100
1.9002078118999686
0.4624540398584083
1.3533953433608872
0.5583827876655301
100
1.0464960073706386
2.199231554561603
0.46649818821414524
1.7144810894084097
1.8214311360549473
1.692331960991332
100
100
100
100
1.0073007768793127
0.8563359222833054
1.7411753435777104
0.703409472859275
0.5518914280427776
2.5030656768008956
1.9316062742140563
1.8894559544214777
100
1.7112207127945194
1.1731971873850844
1.5813591650839278
1.5039446457781844
2.1853378882705314
2.1434830291095475
0.7150539840931636
1.9268407765725257
2.3637151733026913
1.6503412328288984
1.6268052857703967
1.454312776530891
0.8658852036475437
100
2.930178562473831
100
0.5763644834731956
1.0551957931135227
1.0228794942592287
1.988561344670356
0.8254346737316656
1.8791172892873877
100
2.631587152408117
100
0.723514147692911
100
0.997876625804107
0.6176438565912452
0.6456061538314772
2.2052987613348973
0.997876625804107
100
1.3719410003078458
100
100
0.25641493966365125
1.521034465019011
2.4031051864822865
0.4691796862254147
2.803965576524144
0.8818955996633937
0.6049061842048893
1.2681407737991268
1.5501781454327102
1.2681407737991268
1.700168937645815
100
100
1.723950491616005
0.30529915037371946
2.030537338424736
1.6027889542211602
0.25640037755508516
0.5114131421645745
1.5269358274228955
0.5446200021332404
1.740874432537689
1.6280125024607512
2.5697671008208776
1.7888381408735414
100
100
1.7249282833748207
100
1.682992363941711
1.6055099003963313
1.6131582120300143
1.6060177721530238
0.9650018373357065
100
2.3210023086912246
1.1175329232292546
1.9761239452735007
3.103561230309893
4.832449379741771
1.6037910883476103
1.4997705875925291
0.6390731412800008
2.05845013165896
2.1432920335611056
0.2563858183650902
1.3634045832518407
1.3318569336215837
100
1.739174027034057
1.3318569336215837
1.562737892922371
0.7678190965399745
0.8278873380666747
2.8552210158700166
0.5070692698500361
1.7376614584149292
1.2229765687947305
0.73825245561848
100
2.370698801692477
2.8408401424451686
2.5861555796924947
1.6715954971230778
1.2933779539804755
1.867064138954218
2.083332890403163
2.2418263366771196
2.991701820680725
2.1490728420781915
100
0.9078947045811265
0.7161696185378768
0.4599440063562463
100
1.7247068926936118
0.4599440063562463
100
2.3893387294284576
100
2.2245283865241854
0.8519611014949584
1.5489073392623576
2.078958371540762
1.3662370088288185
1.6358189503076712
0.7850149248926712
1.5558156561130634
0.19759439787994104
100
1.7760784679570643
1.034635235988003
100
100
1.4743945416603115
2.0527846624264754
100
2.1432576494110096
1.9614657923427226
2.4206817153190894
0.7045821367348628
1.7028382998354186
0.3415276209050191
3.3909873505537806
3.5745581362648213
0.7866347010792847
3.8913626536150243
1.5536503989346393
1.4666274611723917
3.8869013411383744
3.0702164049198926
100
0.9678934653211737
1.8320477187639543
2.3302472216318373
100
0.8664217993095784
100
1.9070884085955289
2.0729736755350068
100
0.17499607525971506
3.7681980641835553
0.5418927681223131
2.2189943821507496
100
0.6069848679161005
1.3205347792767128
1.9746074255069104
2.70231014888007
100
1.2154743494648352
3.6949650585919684
2.246486344026046
100
1.8364950112058365
2.2191555491443182
2.1786438820123175
0.6518284559317644
100
100
3.6986304553646567
0.049306005173754386
1.746483898085816
1.4416567887606204
0.6674167981025398
1.7893883528810512
1.5298579011202227
1.854819174005244
100
1.696902573543671
0.4644638949543687
100
0.5377681008177131
0.8614054975714627
1.854819174005244
100
1.1573952386850834
0.23619103784867868
0.6905084488752333
100
1.7521390174538114
1.8278773095776089
0.3910565029061335
1.209991075577979
1.1520011806229036
0.97779577615092
3.0243583194063293
2.6986597618887362
2.520576478358562
1.6359563323198394
2.4070416248450304
100
1.5873083408234354
2.1303681235767806
2.540911995493076
1.7841350718014226
0.3362151596014771
1.3507061144433514
1.0413818063976468
2.6518421167841755
0.3251504403927701
100
100
3.0244075384430085
2.4904105588469703
0.7288106747034391
1.147224717206151
0.37745992099320436
1.8285612184500462
100
0.7288106747034391
1.325306223641264
1.8242414905844004
1.4640983204319724
0.6468394404879874
0.5364369183491764
100
2.3629287500123013
100
1.4917502461492207
1.679049945019301
1.5721400881551535
2.0779023473124996
100
2.417344251577709
100
1.6945824651440082
100
0.5347337464106703
2.421032816492855
100
1.9218465402148768
1.6892134192234565
1.85552192611146
100
0.10107840478610353
0.769802619252439
100
0.5712350731559361
1.626553224845651
100
3.1963789976439063
1.4656586951734543
1.7947489727541424
1.2651432381431738
2.7935597387812727
0.7218252589895879
100
0.6177841644270874
100
100
1.1138032329765615
0.6467793792562242
100
0.8154924619866248
100
0.5422360179338206
0.7465955793719816
0.39427922608068666
100
1.5108225274221514
1.0647101803056538
1.6922574486681832
1.4327742124284093
100
1.5720471951329955
1.7009362014835627
1.895592036960581
1.9973771006024306
0.7311522901118472
1.8580263888641895
0.14568959754694077
2.927706279283954
1.3344972378376374
1.561683388557766
2.234007173989621
1.8157824558667777
1.1511922898806777
100
1.7746674391451078
1.9931918590217617
0.3266726818366692
1.9567403487805892
100
100
0.34397677681927696
100
3.150861763443782
0.2862678670394878
3.160415741062299
0.11489684005129153
1.7839390067487804
1.386882869109927
3.178358771182687
1.7359140838336433
1.60588340366915
1.270453243934213
0.35858309462907023
2.1748313832706465
1.974431065334219
3.620371317706212
1.5954254755266826
0.5110431096466233
1.8390159426399233
0.5789839311244354
2.243248740259121
2.5617256658502034
0.8656242009292683
0.24526772966468258
1.9398311071200434
1.3766198338985554
1.7164302208715094
0.39571213535459826
2.01831089472034
2.5707972746800136
0.5848398853337926
1.5871457137218972
1.5447629242133738
2.3891516918364015
0.6352591552290692
4.421477881267197
1.6293929545592505
100
3.884686063380869
1.014218505505947
1.490520304580171
1.0801281535446456
1.6249890585948261
3.8038862899908743
1.711927890216045
1.6073387481383374
1.6717160964361897
0.8527040120178313
7.118569041567735
1.9886169297597611
0.45870556522439454
100
1.6047316682108725
100
1.606848547913394
1.255391327092969
1.402434738459955
100
100
2.5150495969275415
2.2266829160033943
100
100
2.326487129990568
0.5097381075298477
0.8309683766861173
2.030625928089642
1.4274074830746297
1.5958634469444375
1.5016594670579693
100
100
1.7184460459988316
100
100
100
100
100
100
100
100
100
100
100
1.4205154963799673
2.313530530563412
2.352545082432396
2.966804145719962
100
0.8558008030182798
2.3564007579394266
0.7038582706633196
0.6772842914138195
0.5231116947128269
0.5761753992927003
100
100
1.8854284011098548
100
1.9624697600215821
3.4423094582685207
100
100
0.8444205987371518
0.9362481244257994
100
100
1.6311101005997175
100
100
1.0674305544798344
0.4785458207730775
100
0.45361871080705285
100
3.1007587962829017
3.5630747363872004
0.6185871549956472
1.8980921372013029
100
2.0077030099414213
1.841786925417419
1.8953405764710567
1.650400963152661
2.1024913535968093
0.6750474642450133
100
0.834731395503308
1.9203111611500638
1.3889523459161142
1.2226536076724708
2.9310503053416337
100
1.144040844554107
100
100
1.911072845041489
100
0.18593554934334655
100
100
100
1.5183483581233856
100
100
0.5227035852327218
100
100
2.0028147060305503
0.13895068281606182
100
100
2.8939511443973753
100
0.8974358256654833
1.7049092710579457
100
100
100
1.1665178839712418
2.4322726173497653
0.2836575838437856
0.8669651727159735
0.36800654323561766
1.5047364626598467
0.6108270879779081
0.5642343420935374
0.5982211769346621
0.4421227906914753
1.2468418911779615
0.938546560091857
0.45954094455742656
0.4026397770464998
1.4053694882758005
1.3499712445924068
0.4869430465056048
100
1.5465828226195582
0.7141464694289805
0.5015017602417382
1.0462606426881678
0.5142486319377477
2.699965951482689
0.4925961630069704
0.5870454360115422
0.5186623054482036
1.773494479993885
0.5878302712080288
1.5519945231252485
1.0581103140349368
0.9110668143137453
1.4609295779580211
100
0.6141634640403888
0.43818775686599043
1.3842453419817922
1.4766129777825485
1.3910446567113306
1.4273231816645495
1.126538571736445
1.4930323398666543
1.5579282921070847
1.8012340411524832
0.602406647770426
1.2697262484016596
100
0.7190550420052331
100
1.9067994912788047
100
1.6903615022364589
0.718407521368067
0.49159532881496215
1.4429652606867327
2.0735799112024953
1.532032065457436
1.6202149287223184
1.0281338234813928
100
100
1.8602581806862002
1.572806892157402
1.5605574079773143
1.060349728269344
1.9998849611754457
3.1306654070880793
100
1.944559193245138
2.028391822437925
0.5876353967072108
1.7327143412835877
100
2.575766184300294
0.9548732620781237
0.4094255492367669
1.6755613321147171
1.031506736207917
1.728992820873552
0.7519605601616917
2.3199334682273838
0.6579136723694798
0.816877532886525
0.7251521825942762
100
1.9407475168158967
100
100
100
2.0273080511560186
0.5497709963913859
0.9231979138531079
0.6929246603825838
0.9606446477936395
0.9505103377302113
1.3517343613591066
100
0.8837813590876742
1.6480719786022
100
100
2.5351734535362755
2.7615538066679255
1.6942894782036024
2.1607501745034217
100
100
1.0005074017350593
0.4389647383916113
0.8130565501468654
2.5168287361844444
1.0007885486238255
1.4480391020605117
0.5465434824997981
100
1.0281702910015422
2.5301667870855464
100
1.1864509152228955
1.6899606952403703
0.731303456688174
1.025514895772238
2.9193259613994416
1.7267337431184213
0.7417268098802143
1.5737524661372246
1.5496348024293365
1.6477001285836552
0.3464445645456191
2.323929194322915
100
1.6942476975271932
1.2108883759637834
1.418665152206609
100
2.48340023619504
2.4673183526247904
0.57437418262084
1.8945328431078066
2.2453765254698794
1.6660873611902014
100
2.3354818948180114
1.7913029630309296
1.7162620012460676
0.7412261004273386
1.0957911802752163
1.5646670832561913
2.0553724244363387
1.7655272855519328
0.5527180883705096
2.437999982328998
1.6333123424692886
100
2.614025572292684
1.6815725496775782
1.4866575763504084
1.7325615939030543
2.1680258495688447
1.0716909831353956
100
1.7228281469929136
1.8960026356511737
100
1.5755778358771355
2.0383743137763473
1.3498999872480688
0.45041909148955206
100
100
100
1.3732726878990968
100
1.9334454080990824
1.7059507331766612
1.063068895849952
1.7117882932037904
1.136682357879092
1.5373242944112215
100
1.2182828828841874
100
0.5037480220615072
100
2.7533513071538485
100
1.6153649934408882
1.2980996040634478
1.669328621732932
1.3093221498189624
1.3502015352068844
1.35798477727604
100
100
1.2107084996453485
0.6520773894435807
0.7672603258254096
2.500842199599022
2.0495703305288213
2.180223006060328
1.4193400925588415
1.79511791707432
1.829100497154684
1.8555706877361988
100
-0.3555225107953337
1.2254907400484791
0.36059390745297737
1.668188843310606
1.4746878746052854
1.694682924473197
1.573081033868995
100
1.4913563895293827
100
0.8826122223808319
100
1.3840328592734412
1.5145747569965762
100
100
1.8676242031652333
2.5391463790538875
1.8181034477341917
1.5319551356609296
100
2.138730362678541
1.21729504890072
100
0.7986048693070806
1.3825960648726294
2.4040076605378013
100
1.0499799708677502
1.323334955548325
2.031108294734506
1.9518564392306645
0.5060238741082106
100
0.5016858593745708
100
1.2917384037534294
3.9868856341053798
0.0020775723264732093
2.029958285450637
1.563634105645459
0.9914509244149912
0.42670624400470913
1.5641098721685882
0.8294581507460661
100
100
1.4772629862277187
0.430087101913478
100
1.939208154730025
0.507632613878986
2.7320271985760023
2.936730557876908
0.34126097868369865
2.2908371252957185
2.5567684117541942
1.3473515304859216
0.9794003815882757
100
1.3954591747136078
2.3915222228914086
100
0.25797616181595906
2.2814942970945964
-0.011382350815652309
100
0.09902324640679083
1.6964647614644788
0.10353282355326954
0.9676711102696567
1.6461945469254022
3.940250887062824
1.7948147994731825
0.7453999544458689
1.3012789158863
1.3522484340092387
1.5951324004590326
2.2000375402638133
1.960566653920191
1.0595505574407476
1.934036872150089
1.0972487891450147
1.5609403674828606
100
1.466268958364644
1.6757075749272907
0.7645766352403331
-0.077824573704536
2.31221646048132
2.177400031106637
1.5028107015609606
2.25676309372521
1.9780753872368244
0.710036844592489
1.9473441360295416
0.8181315041907782
1.46192285573201
1.8352814447376122
1.3763768584068918
1.8370379000083705
1.9110252164467987
1.8892351211344263
1.1667187433335222
1.651577386717916
1.2482175641623705
2.8507576540094597
100
2.5501413752026725
2.2266166324494368
2.747135499389363
1.8910671456976278
1.670367460606288
1.0140276634668304
0.6176204084698105
0.5061293237365296
1.7428746829731958
-0.00087632805758453
100
1.182280558071536
1.2749887310505637
1.1403587612428048
0.40401767588579673
100
0.9217533818094852
3.380869453095121
2.020197164099139
1.4593419412332995
0.374389412616547
1.1673334836979876
1.033285154385382
0.4001368891189605
3.8830129851024147
100
1.790574579071997
1.9024179907865744
100
100
1.6451158774181387
2.2651145541730067
100
100
1.7259755105025523
2.4007042413834627
100
1.8806862796940047
1.423188104481123
0.27226902711320555
0.8988145048219112
100
100
1.5331822492795464
0.6439523642344982
1.5115842224114502
1.1936403740930555
100
100
1.9672909794615565
0.7302574367709598
2.202051254354135
100
2.0328970739213474
1.949889538791517
-0.7205738826273347
1.0114219065868753
0.6808034145306543
1.245217716682328
1.1271447149845848
1.6189149369658216
100
1.7738588857846773
0.9851983873382117
1.6693193853491675
0.3382148943014922
2.1639849906334074
0.735054356272884
1.4708702053954932
1.8338898042979963
1.078370606786848
1.827205259686905
100
1.4641952029238752
1.6205324051642167
3.336298118084226
2.0349879863896465
0.662640567474245
0.9206844813814623
100
0.9602653246428643
1.4989755603689243
1.4950480672595816
2.136449387662733
100
1.586688512934888
1.0198338061834846
0.30894097617171745
0.9907430794619341
1.2430903337712298
1.3843274976304096
1.2445865430002483
1.8257435582616237
100
2.499494354013618
1.6923898117381384
2.0096879309047395
100
1.5983384216811425
1.711078911225214
100
100
0.5660168788106112
100
0.8877496400085931
0.8997747115771979
2.0689333648735566
1.3032212525571705
0.6298250708990869
1.4658289399223294
1.4703162869800348
1.2229916698337906
100
1.2304567640033017
1.4983990711775634
100
1.3129930479118777
1.3947062141301636
0.8629058462142378
0.5722047725492398
100
3.5216366220425783
0.7276632322732661
0.028050084890393734
1.5788565791212061
100
2.1358747239841467
100
1.70477480196406
1.5478455533547022
1.70694212516206
1.8972275181053924
0.76238972655206
100
100
1.5136389870963471
0.47250186671183414
1.1044613650707618
1.7951321507927318
2.8916302387509347
1.581845828205724
100
2.937185478219848
6.825190263938438
100
100
1.4545145635347128
100
1.5863064209674205
100
2.5294819118842726
0.7967964241204335
1.745689882547138
1.4145118999735926
2.3697703991699157
100
3.0958895291137747
1.5309206460426985
1.6158140231911737
1.3609041845420817
1.4826432211511333
1.8525399963583462
100
0.7747765046115296
1.05294303522341
1.9011195762786972
1.7285910947766308
1.7644718508885333
0.9800666620562666
1.7036080561373534
0.9489997708717937
1.8572266511142557
1.2372601158098284
1.0115156469923683
0.9656589962149713
1.6372466297059818
1.8014951970738853
100
2.762891474830881
1.5982573486381764
-0.28443296639569304
1.560811849247055
1.5899976619644303
2.2503320564245897
1.3281712464278748
1.02484052210003
2.681452097517737
1.2001276552660727
1.3911311570153533
100
1.4418724276202441
1.2290150241795441
2.769925598533577
2.2630559871210796
100
-0.5114518130347667
2.060291125629665
100
2.6004337470218264
2.2675107201838127
1.098723980393851
1.187455401226953
1.8377349803860792
0.1241635186277712
0.7854663008107643
2.0968423437523303
1.9043479392955138
2.2762444002888502
0.7549633119885577
1.549844844768856
1.660391205186981
2.2597995312943393
2.178792779825258
2.416546504189779
2.625534381428034
1.5162217395430115
2.0592436223675596
1.9457282836470915
0.8839147342829667
1.92333480986726
1.4358402380647366
1.3343767334957226
0.498628047464333
0.49330732182368386
0.9897314478143064
1.098287243439687
1.369094347968998
100
1.2575606584773107
1.5245922119724753
2.0629768792423935
2.412235550278716
0.9244772293799937
0.9860103923915187
1.9401455670421672
1.4809876943593974
1.7114509184288123
2.1180298741731
100
1.119414785418365
0.5237256351236272
1.8642284473653143
100
1.8319420821928123
100
3.249095246412052
1.5920676149682667
100
0.388594916352905
100
2.9063424538484286
1.6515485579951914
0.7704777862070378
1.6212854133218233
0.04410376362007273
1.1294254838620477
2.2490344848432366
1.56361168504026
1.6364119582969217
2.5188679840827843
1.6867932320517616
100
2.8579063847592465
1.7492353799933245
2.1998986298824956
2.4622349187475088
4.846313532230983
1.7126362211044235
0.8627339651598298
1.776138234519041
0.42990178576733484
2.4770082904175705
1.7637708300977808
3.2236134045111893
0.11291515692350629
0.9414710632465741
2.9022698403150766
100
1.7695412566493154
1.0797445277594768
0.7101002798718135
0.8684976005711116
2.255937188153786
1.5800972075642994
1.6178407956947236
2.590400303861557
0.8281323397273983
2.2312906450478938
0.6295214407552532
-0.04307897004964367
100
100
100
4.084457257460565
0.4385008077771362
1.2614260436125289
1.6393020043932145
100
0.9372740207839332
1.5775787007547732
2.6561880359534547
1.6008135105651622
0.6989663304757343
1.3542107408518547
1.8029659144333472
1.737567073312487
2.2183357945699154
100
100
100
1.0075290939142345
1.3682213157916525
1.6270398158514672
1.1556549130051526
4.8778208547815005
2.660770512908642
2.6796457628361043
1.195686845741406
1.0457543673485779
1.25098290165759
2.6768684870400232
1.6127783856930904
1.0525357812163723
1.9616901562552158
1.2297321745662089
2.9600160531778243
0.9867376121021234
1.4592201981015211
1.25242869999248
100
100
100
0.10762722123160451
1.6695306723584684
1.636802294422555
100
1.5920720872681358
100
100
1.016430891766138
100
-0.02900781562488497
0.7856049066869968
1.5092830179541732
1.141028623593705
100
2.880420546883487
100
0.8553776166861553
2.2673107008666387
100
0.474625182223817
1.729836030441513
0.17766225226561172
100
2.528189722681785
1.8488764702936757
0.9033568011848452
2.5059522478473095
2.0131772085613164
100
0.9166723354323629
2.473741967516089
100
1.2733728408635212
2.3278402760629797
1.844161764014185
2.068044396635629
0.8725581401712139
100
1.9620184294284035
1.8489764631430514
0.408640298344217
100
1.233807230341463
6.337673563387394
1.0733029612930913
100
1.6364689815261038
1.0362476622647065
100
-0.09148428735225345
100
1.3625921178957032
1.645725520702345
1.5629814185884037
1.6864289123842529
2.0009571801583173
1.8459391471150166
100
1.529331802110402
1.7465300010910356
0.8048918448350708
2.655081609524549
0.8014203326953524
100
1.139746972201002
0.7280192222033248
2.6154988856376846
100
100
1.3849429867714562
2.10630301170659
4.0786300796066
100
0.7028539065691852
100
1.6831032017358947
1.3946655844473064
1.9740676935347983
3.14822991229855
1.4722669223380525
100
1.2363368364131224
1.8832626571888227
2.6674563039274055
100
1.7863005519414532
100
1.2845435912507481
1.470902343618425
1.3616102089294415
2.3846129732297294
1.1115299081768741
2.2314885392808375
1.6421239161371215
0.07178207430208516
0.8158489987676347
1.5926697332662485
1.6695623575357192
1.6063388106400893
1.3594937050064058
100
1.7183174003011121
100
0.990969043622381
2.8264123022195475
2.0319675535399364
1.7095860187704606
1.6413796316128302
100
100
1.4362740992966527
1.2437778076991943
2.3303322689417705
1.6943915643343619
2.1579387162073367
1.5960330516328165
0.16620895080355869
1.3161915046505612
1.4412859983556032
1.3412552908166155
1.582996118577575
1.691170857001337
0.9049029545209635
100
1.8323622718184112
2.142928277258598
1.8209184634497841
0.5536171503034559
100
1.5501142539083013
0.1443654736621749
0.9938416660699101
1.8014490034982744
2.4745546245386727
1.5946177559415133
2.650973590390831
100
1.9156961958341165
0.6495062472273085
1.6693556257835827
0.9338407993558064
0.4704749226252982
1.9438426717824768
2.1661480169396787
100
0.411879395884295
0.713231032730838
2.65389366612216
1.806280046852045
1.3606301332870858
1.0888632689723599
100
0.5604399814216805
1.8542591437448568
100
3.5471893116133693
1.3829204866318596
1.3690548578375585
1.2158869403176542
1.5223204198600433
1.3173060311291724
1.7365861500713384
100
0.596233727951617
3.439099680776308
100
2.180073033746222
100
1.6523151977316157
1.0084529872162697
100
0.5896264104005695
1.8199590101939567
2.086147601583175
100
1.375656212206822
2.0308980086733097
100
100
0.8046781553100129
1.750918240818752
1.5055224120966741
1.7934425919910488
1.8529290617116292
0.6240748937970029
0.5313806580995006
1.8121926478865866
1.285971590020667
2.6717983052214818
1.7877837181925056
2.3321743747028787
1.718470016128392
100
2.9878146456824446
1.0682763574982115
-0.145022341809792
2.0064646709633855
1.7985864196755337
1.3934193617355959
1.361518892126222
0.8666173290397987
2.1686062124185463
1.073650518751883
1.2011437332209027
1.5257976577717143
1.5853800496076689
1.0648886048604576
1.4035427918515087
2.2673269335603097
2.016569744458792
1.2390063186063358
1.3150360514888817
0.9404279086730885
1.722061584305842
1.4325196574983075
1.7076782102053203
3.757417036080536
1.9152570610313129
1.2055701525202984
2.379052135182187
100
0.33717944970631386
3.683401083255073
100
2.2863877897078773
0.9167113698136635
1.204244485004068
100
2.404722411092404
100
1.62286514814609
1.3346022402266389
3.1141983370573945
1.0423786734396465
1.0249396260404016
100
1.2649179214459991
100
1.8085601334391477
1.6431919667672723
1.6773569918263522
100
0.8605024435949371
2.8509969565249804
100
2.1303556522251688
1.3622799535918544
100
100
100
1.861323429535779
1.5253973985684972
1.292727336584404
2.5276630468089305
100
-0.14092324681181267
1.6119501198331951
2.043763584080283
0.47572583193811013
100
1.3230333868653013
1.9744668465935096
1.9837836549887191
100
1.7050353222849761
1.3361362509513608
0.6251610793053013
0.7306069372341595
1.5951944637203237
2.658730526597367
100
1.3831956051877086
1.8939833399199024
100
0.9594296091439629
1.4706389517126386
0.9375083620560218
1.7191316085715513
100
1.7594042823631924
100
0.973068166028586
0.3886217184974079
1.002243461023098
100
0.1816759621053734
100
2.4576145662626487
1.9386334854115193
1.59998977740511
100
100
0.8618438181878902
100
1.6643796579172188
0.963419632512732
1.6359279028249354
1.4032731003488932
2.114145789847985
1.1528364283857817
1.3900756301330741
2.1838875615278823
2.3025247229361323
100
1.3510252085859582
2.3792035753587086
100
0.8060886667795186
2.608793934540852
2.7543524623885958
1.7110559818653073
3.0744076244019487
100
1.3805362194968804
100
1.4779208524417013
1.5324608991725484
0.833874020370196
100
1.6320327673100277
1.438147886367119
1.9526704060946791
3.300601647332819
1.1382406554949132
0.11785982705834996
100
1.230946343737637
1.336786931378363
1.6876510284358055
0.12461255467839294
1.1727131109722908
1.392351198021152
100
1.7338865366631815
0.899433466868448
-0.13086722694439956
0.6211016525745876
1.1473605646496354
2.084232212674773
100
1.617546926212719
100
0.5513457449063033
100
100
100
3.7786772800009523
1.9548393498678696
1.7912642470780336
1.897226679116777
100
1.3653091858324586
1.4980228438059147
0.9809914137519424
3.627836029962106
-1.0168498569988067
100
-0.7046394342404607
1.9914468974522794
1.3563989154601082
2.1358056833091403
100
1.6071372172923741
100
1.4604701525257937
100
1.215613727313424
1.416903720164699
0.546335214763662
1.9639452360068246
100
100
1.235900873363632
2.005133238350127
1.5315543113808854
100
1.1598549006661942
1.0638516824074262
1.451376205299849
3.2853458771156756
1.057063692253906
100
1.558295338592636
0.7136824990292441
1.8687254743053856
2.4193242087261115
0.19958225665104656
2.2887751118116793
2.5589745733571423
100
100
1.945979600612306
100
1.6201749081978107
0.0075567181653593
1.5137718308215415
1.3984097379905283
0.5033494118440665
1.9282513359215123
-0.1772327441134518
100
1.0061221832601968
100
1.9238581313422252
1.7145985198165263
2.4532177751345685
100
3.4557128793991563
100
1.4566819192831932
1.5046150942382077
1.5616540665093268
1.0978317500595605
100
1.0271243531545062
100
100
0.510356540899279
100
1.9364034455182093
1.469962445611781
100
1.8814295928972005
0.040777585397959726
1.4058597574473701
100
1.6272045051373407
1.1857179124487978
100
1.0911143654504487
1.5658328104593515
100
0.7194829610612494
1.6047744725613633
100
3.481295883168963
100
1.3630140134932631
1.6444824222663215
1.1946321905082362
1.1259954996523964
1.256515981462294
2.033675584607675
1.3750100236058138
0.7302868767505846
1.729021249514762
0.7374426634679283
1.3155359899515373
1.3550000820389503
1.2993613534289157
1.4392101854563775
1.2477043834033665
1.7199568585687652
100
1.5984594845156632
1.059308941017779
0.8529492722941621
100
1.5953650181165786
1.3659478380460914
2.1514265850501815
2.522630132682237
0.6805048870348429
100
100
1.9695913862235086
1.6683691333840045
0.12005946815942714
1.5706125309007692
1.1858665784725755
2.6887448733236035
1.9163230564678937
1.5813725903070637
0.783171396122202
2.1398461364075905
1.5695333365946356
1.018070877346478
1.4404513707385318
1.5248416499077173
1.0104827985728662
1.279084939516963
2.262713273137347
100
100
100
100
100
1.5136628525129296
1.4579927420622116
0.8436226753894651
1.4398007242618398
1.259371589284104
1.5510204000908399
100
3.86984803915081
1.6912724402054806
3.3684299258338974
3.312950708992207
1.6556400034349208
1.5294299286352215
3.156043319091328
1.0833693440154333
100
1.092848487355102
1.4027476826271643
1.276776768737804
1.916415915009523
-0.16916334679111245
2.254282736559504
100
1.2403144722164514
2.0682653741071952
100
2.0056451379346747
1.3969572839671347
0.6317368032335686
1.4849099829385093
3.6927143425967515
1.148693458252275
1.6907875932297447
2.2294541166667674
1.4692265941767753
0.47828574574574745
100
100
1.9188532632744693
0.1350639034357215
0.44887090621571346
100
2.132408827435091
1.351459270407858
0.3161078136877329
1.20245612429708
100
2.025848296845197
2.308314990694523
100
100
1.8768066425787966
100
2.678301461975506
1.744003021779747
2.4243815737016634
2.8897942346264838
1.3681462918425975
1.7844153978372361
2.02692275825315
1.9604491972001865
1.7481278971309742
1.6101829947762738
0.3783195007299973
2.01189867258453
1.1766461542360585
1.4236897541348998
1.7025444673321362
100
100
1.756120181925409
2.181978131684378
1.5473230597864855
100
0.20964132819930636
1.203533007841627
2.041916581082492
1.9411852165377468
1.9120342509229298
2.361674926212171
100
100
100
100
0.9750182732820001
1.9418067071290501
1.170960421318222
100
2.9121442468113514
1.2065610542649887
100
1.9476602640448952
1.9798925165111045
3.3159843682912573
2.838326509653186
100
1.5776565768805444
1.7109175373326542
100
100
0.6018894762076492
1.8715699698615564
1.0812057878483756
1.855501539290274
-0.36788156679778616
