1 0.5678609848384958 0.9033972563071164 0.5804156603910828 0.9297346354432968
1 0.5900440251451863 0.9253101223692421 0.6102635911288036 0.9394890357035589
1 0.5005002329320237 0.842814626605945 0.5110914341615375 0.8608605163041662
1 0.5062772517844858 0.7029589814447303 0.514942780063179 0.722293863264253
1 0.5383982165931764 0.6127288066264444 0.5496048931779516 0.628841934469893
1 0.725563259059193 0.2556787153531035 0.7438571520919897 0.2634126680809126
1 0.5325145457394178 0.0035517070106496347 0.5435871652066369 0.019793157154925727
1 0.03087674205062556 0.07296408215861336 0.045319289181780804 0.08907648367488231
1 0.2903611721737149 0.23279910520000163 0.30335946459175456 0.24955600277692133
1 0.34837206981718843 0.19541833368225756 0.36112965311637557 0.20605251868299507
1 0.29878599133355543 0.9104867129742749 0.31756130260405724 0.9259546184298929
1 0.7009890487617907 0.7564521544787434 0.7099171663337748 0.7763447182738521
1 0.8040344318051366 0.3304402583885916 0.8146256330346504 0.35041963626876516
1 0.07386215715924409 0.96591337419024 0.08888763969409914 0.9895438242168358
1 0.1274010987105131 0.9369110514609558 0.14473215526789943 0.952378956916574
1 0.1083850783211587 0.027849357913060226 0.12210549809575619 0.04299501533835307
1 0.5541783664361507 0.30401591990191046 0.5613996400017284 0.32012832141817943
1 0.6408336492230822 0.22087592807796252 0.6490177592640701 0.2376328256548823
1 0.6509434322148908 0.22280941625991485 0.6586461240181737 0.2376328256548823
1 0.7270075137723084 0.31174987262971954 0.7438571520919897 0.32077281747883024
1 0.7246004225837828 0.233121353230327 0.7400058061903483 0.24278879414008836
1 0.7241190043460776 0.24278879414008836 0.7433757338542846 0.2485892586859452
1 0.881302058956817 0.05330695230876521 0.8995959519896137 0.0629743932185266
1 0.7224340405141094 0.6997365011414766 0.7426536064977267 0.7094039420512379
1 0.8716736942027136 0.842814626605945 0.8798578042437015 0.8582825320615632
1 0.9101871532191276 0.8254132329683747 0.9265553733011036 0.835080673878136
1 0.8442328546535186 0.3336627386918454 0.8524169646945066 0.35041963626876516