1 0.40282681978665863 0.5979752760667068 0.41718411959134616 0.6174212176983173 1.0
1 0.37229771540715145 0.7006791804387019 0.38498438908503607 0.7217762638972356 1.0
1 0.2677839543269231 0.7688011756310096 0.29155482365534857 0.780932382436899 1.0
1 0.019917351649357724 0.5338263878455529 0.038241717998798073 0.5514564866286058 1.0
1 0.1319313518817608 0.19388595581054688 0.15047657893254207 0.20642730712890625 1.0
1 0.37630000187800483 0.4415812800480769 0.39040264423076926 0.46338303786057694 1.0
1 0.27089275653545675 0.014016776451697716 0.29036536583533656 0.0269895993746244 1.0
1 0.4036733774038462 0.7430697866586539 0.41691138634314906 0.7638633845402645 1.0
1 0.22448800893930287 0.9642628831129808 0.24357893723707932 0.976111591045673 1.0
1 0.08466890188363882 0.7672039794921875 0.10562103271484374 0.7784543081430289 1.0
1 0.4078108097956731 0.3961268028846154 0.41688204251802885 0.4143619948167067 1.0
1 0.43065096341646636 0.41562406099759613 0.4493073448768029 0.4268742018479567 1.0
1 0.35524360069861777 0.21993302565354567 0.37337599534254806 0.2326879413311298 1.0
1 0.4088316932091346 0.4311445030799279 0.42155141977163463 0.4501476111778846 1.0
1 0.10507718599759615 0.5872547325721154 0.11572325486403245 0.6062876539963943 1.0
1 0.3383667696439303 0.23205514761117788 0.35601806640625 0.24071507380558893 1.0
1 0.911619873046875 0.9477199143629808 0.9284559983473558 0.9597333233173077 1.0
1 0.15957927997295673 0.29282623291015625 0.17403323833759016 0.311336904672476 1.0
1 0.05930258530836839 0.37699127197265625 0.08456496018629808 0.3904871309720553 1.0
1 0.23985098031850963 0.9837046461838942 0.25110579270582933 0.998257587139423 1.0
1 0.33571929931640626 0.22018988976111778 0.35583909254807694 0.23140113243689903 1.0
1 0.0006784582138061523 0.9653602952223558 0.02076477784376878 0.9792905836838942 1.0
1 0.24063974233774038 0.9108951509915866 0.25384836050180287 0.9293863619290865 1.0
1 0.11918853759765625 0.21415208082932694 0.1349811025766226 0.22964261568509614 1.0
1 0.14793438251201924 0.9644403545673077 0.1667926729642428 0.9747432767427885 1.0
1 0.09616968008188101 0.9228591684194711 0.10715228740985577 0.9456621844951923 1.0
1 0.43302152193509613 0.4289936711237981 0.4535387244591346 0.43689237154447114 1.0
1 0.24592733529897837 0.7860799466646634 0.2576797250600962 0.8045801720252403 1.0
1 0.6605503962590145 0.9446929462139423 0.6803802490234375 0.9564602426382212 1.0
1 0.11098561213566707 0.3937714092548077 0.12196388831505409 0.40927152193509614 1.0
1 0.057739181518554686 0.9206595552884616 0.07029075622558593 0.9424830979567308 1.0
1 0.4441672926682692 0.5539630126953125 0.46740079439603366 0.5670354285606971 1.0
1 0.4203441443810096 0.7368569711538462 0.4391948523888221 0.745198974609375 1.0
1 0.40019747220552887 0.9537904710036058 0.412911376953125 0.9718609149639423 1.0
1 0.42369412935697115 0.7254228797325721 0.44492023174579326 0.7363764366736779 1.0
1 0.6473445012019231 0.9683672626201923 0.6582536433293269 0.988517596905048 1.0
1 0.2522497089092548 0.005856314805837778 0.2739407113882212 0.01829169200016902 1.0
1 0.031128965524526743 0.746792743389423 0.05389670151930589 0.7589028695913461 1.0
1 0.28280681903545674 0.05487994267390325 0.30440204326923076 0.06731619027944712 1.0
1 0.4071720064603365 0.5116664945162259 0.4195720496544471 0.5305852332481971 1.0
1 0.9169981032151442 0.9297882549579327 0.9312469951923077 0.9438487830528847 1.0
1 0.09532557560847356 0.004486097555894118 0.10695179865910456 0.021234047229473408 1.0
1 0.41245084322415865 0.17797783484825722 0.42330960787259614 0.1944476318359375 1.0
1 0.12178444495567908 0.9803582294170673 0.13141884436974158 0.9936309344951924 1.0
1 0.410150146484375 0.16104631864107571 0.42293250450721154 0.18038927518404446 1.0
1 0.4149206073467548 0.9761915001502404 0.44023038423978367 0.9907683856670673 1.0
1 0.2870099111703726 0.064700440626878 0.30632425161508414 0.07465249281663161 0.9999998807907104
1 0.16788175142728365 0.7945322829026442 0.1777929452749399 0.8129681865985577 0.9999998807907104
1 0.4583088097205529 0.19235330434945913 0.4798772723858173 0.20431605412409856 0.9999997615814209
1 0.2692277174729567 0.037189424954927885 0.28677464411808895 0.05639347956730769 0.9878214001655579
1 0.6362936636117789 0.12410385131835938 0.6488818359375 0.14160602276141826 0.9873534440994263
1 0.0004367077350616455 0.9632728928786057 0.020627737778883715 0.9966522686298077 0.9116902947425842
1 0.5006180044320914 0.7263463416466346 0.5225292499248798 0.7420258507361779 0.7060689330101013
1 0.37894322321965146 0.13555929330679087 0.3895801955003005 0.15574865487905648 0.5075278878211975
1 0.3778278292142428 0.9322029935396635 0.3985087702824519 0.9452044208233173 0.28327861428260803
1 0.7166524564302884 0.01140327893770658 0.7412085899939904 0.02647117908184345 0.26536479592323303
1 0.6166093562199519 0.9666733022836539 0.6295688100961538 0.9829033954326923 0.06810595840215683