1 0.37385695237379807 0.28303828312800483 0.39787625826322115 0.2960754629281851 1.0
1 0.7097816349909856 0.1367038315993089 0.7231088491586538 0.1583281766451322 1.0
1 0.6367449012169472 0.13643937330979566 0.6522913536658654 0.15816041212815504 1.0
1 0.6074107478215144 0.27038339468149036 0.6316086050180288 0.2844520451472356 1.0
1 0.690768808218149 0.1385446049616887 0.7040412315955529 0.1600594505896935 1.0
1 0.7221235069861779 0.13802141629732573 0.7330216158353365 0.1586910658616286 1.0
1 0.20640042818509616 0.30136678842397835 0.2226733163686899 0.32071624755859374 1.0
1 0.9578432053786058 0.2955654437725361 0.9738698167067308 0.3130293626051683 0.9999982118606567
1 0.623499521108774 0.13242660522460936 0.6374300443209134 0.15825879610501803 0.999866247177124
1 0.9644914362980769 0.7790367713341346 0.9847304124098558 0.7952312762920674 0.999721348285675
1 0.6538245567908654 0.13415505042442907 0.6681963172325721 0.16138036874624398 0.9997161030769348
1 0.30742051344651444 0.322327880859375 0.3282555682842548 0.33699448805588944 0.9990895986557007
1 0.11796160184420072 0.8615040940504808 0.13628543560321515 0.8734165602463942 0.997689962387085
1 0.17459973848783053 0.3109447772686298 0.1933469919057993 0.32400364802433895 0.9966740608215332
1 0.9599750225360577 0.6331248591496395 0.9749644118088943 0.6492169189453125 0.9907407760620117
1 0.26560462364783655 0.9631317608173077 0.2902992600661058 0.9773086313100962 0.9688827395439148
1 0.9342589393028846 0.7462623478816106 0.9516202486478366 0.7621798940805289 0.9549766778945923
1 0.9176699594350961 0.7550146484375 0.934622802734375 0.76990478515625 0.9270386695861816
1 0.8021983924278846 0.253108896108774 0.8161182579627404 0.2727871234600361 0.7716090083122253
1 0.16007503802959736 0.323353764460637 0.19061321551983174 0.3357423048753005 0.5026702284812927
1 0.9466365872896635 0.3269751680814303 0.9622906963641827 0.3443543888972356 0.470425009727478
1 0.8212156325120192 0.7089987417367788 0.8404487492487981 0.724246356670673 0.31078532338142395
1 0.1622435349684495 0.8644160344050481 0.1825495089017428 0.8763750751201923 0.24127508699893951
1 0.9620034555288461 0.20382354736328126 0.9819938777043269 0.22047877385066106 0.11752605438232422
1 0.9790117938701923 0.9641805326021634 0.9979955115685096 0.9829486553485577 0.07514341920614243