1 0.41290503868689904 0.17781402587890624 0.4230781437800481 0.19304175743689903 0.998407781124115
1 0.24016505314753606 0.9851670485276443 0.25085829514723557 0.996263427734375 0.9978699684143066
1 0.4033131760817308 0.5975404240534856 0.41661029522235576 0.6141766357421875 0.9554327726364136
1 0.42081557053786056 0.7365013709435096 0.4393708214393029 0.7436179293118991 0.4894992411136627
1 0.912938232421875 0.947501690204327 0.9270253342848558 0.959752197265625 0.45991313457489014
1 0.12215001032902645 0.9810824819711539 0.1300935598520132 0.9912376051682692 0.3437131941318512
1 0.16838153545673076 0.7948056265024038 0.17734848022460936 0.8125840407151442 0.24795636534690857
1 0.28383326603816106 0.05505631666917067 0.30365757868840143 0.06749380845289964 0.15527957677841187
1 0.9192196890024038 0.929639423076923 0.9298142653245193 0.9442917104867788 0.1379765123128891
1 0.403902587890625 0.7449299504206731 0.4171484375 0.763048565204327 0.13767574727535248
1 0.41085852989783656 0.16211453951322116 0.42268235426682693 0.17739667452298677 0.11321230232715607
1 0.1246746826171875 0.9796437424879808 0.13161938007061297 0.9923893855168269 0.0843600407242775