1 0.0016987542468856174 0.9654919531617966 0.02041321080569779 0.9784824462061156
1 0.40048775485464233 0.9533412324441193 0.4131245044010267 0.9713242991062816
1 0.41458259088714794 0.9761845873933527 0.4403421188086238 0.9909399773499434
1 0.22454531886267567 0.9645198955043824 0.2435004431822522 0.9762174405436013
1 0.1482387927556625 0.9650059243330894 0.16670788824653196 0.9747265009072313
1 0.057837430616143735 0.9207773009207444 0.07047418016252809 0.9416765405551493
1 0.2406568516421291 0.9105322763306908 0.2537070485851011 0.9295258198374718
1 0.2673158557888996 0.768969422423556 0.2916194790486976 0.7812870270818094
1 0.0845690161950337 0.7678369195922989 0.10546825582943857 0.7783708541095669
1 0.031105845037253773 0.7472650090723131 0.053949199986487006 0.7589297009612832
1 0.4037372593431484 0.7440543601359003 0.41732729331823326 0.7644394110985278
1 0.3722980827896311 0.7010922703451394 0.38444880350730837 0.7210194523221302
1 0.4026748845838243 0.595624014515701 0.4167697206163299 0.61749531180752
1 0.3759432990049343 0.44155287581555336 0.3900381350374399 0.46342417310737244
1 0.40899325935701647 0.4308602415839974 0.42185730464326165 0.450301394732281
1 0.1049822270007315 0.5880905676707411 0.11567486123228747 0.6065596631616105
1 0.05945639864099661 0.37712344280860693 0.0840829873663266 0.39076286321566245
1 0.1599034846446327 0.2933182332955832 0.17383918459796152 0.3115401641364067
1 0.13219984140832855 0.1934351587605838 0.15066893689919797 0.20607190830696814
1 0.1190770630332371 0.21404303510758776 0.13533408833522084 0.22988732091361552
1 0.33803305036578124 0.23207445064279744 0.3555300881992365 0.24082296955952512
1 0.6481194430809047 0.9679220973053321 0.6583260484837538 0.9878492792823228
1 0.6607561926272891 0.9441066846986845 0.6801973457755728 0.9567434342450689
1 0.4128814899866731 0.17763922182760342 0.42357412421822915 0.19465023083235145
1 0.45759614222772543 0.19124802903140195 0.47800935303342323 0.2043708074064933
1 0.4082672706681767 0.396352194745794 0.4162836917876228 0.41384923257924916
1 0.01944115314828361 0.5326832811981328 0.03742421981044594 0.5511523766890022
1 0.9122310305775766 0.9467723669309173 0.9275860195874818 0.9596596072173116
1 0.9183514718420469 0.9297848244620611 0.9303510758776897 0.9445927135273917
1 0.42041493683163306 0.73608634601205 0.4393700611512096 0.7448348649287776
1 0.44398733502392695 0.5537938844847112 0.4671574178935447 0.5669483136219826
1 0.407049144042188 0.5110549983206673 0.4196858935885724 0.530982180297658
1 0.12199323600547965 0.9795867891943021 0.13122778375091435 0.9922235387406865
1 0.09623370808400386 0.9222353874068655 0.10692634231555985 0.9460508000135129
1 0.2400982413813026 0.9844470774813732 0.25079087561285857 0.9975698558564645
1 0.24593058732578763 0.7866333441975873 0.2580813080434649 0.8046164108597497
1 0.16865200356136031 0.794895834285608 0.17740052247808794 0.8133649297764773
1 0.42333110980387556 0.725393711780494 0.4447163782669875 0.736572374840757
1 0.433780729621078 0.42891612626916903 0.45370791159806867 0.43669258752848245
1 0.4303785278201284 0.41579334789407757 0.44884762331099787 0.4269720109543406
1 0.33560290622224576 0.21992372992512016 0.3555300881992365 0.23158842181409034
1 0.3550440593705294 0.21992372992512016 0.37351315486139886 0.2330465083002116
1 0.41093737467184477 0.16062821282285522 0.4230880953895221 0.18006936597113876
1 0.28748605218024387 0.0646375191532049 0.3064411764998204 0.07484412455605374
1 0.2821397350644659 0.055402971407770216 0.30401103235628496 0.06706766329674041
1 0.27120408641855637 0.014576549796374646 0.2896731819094258 0.02624124168534483
1 0.2522489620989798 0.006314059708354132 0.2731482017333847 0.017978751597324146
1 0.09623370808400386 0.0043699443935256215 0.10644031348685276 0.02040889574085965
1 0.11130060177392365 0.39367903618790495 0.12199323600547965 0.4087459298778247