1 0.8712115009014423 0.8426577524038461 0.8801903357872596 0.8583726149338943 1.0
1 0.5383700326772837 0.6122437462439904 0.5498341721754808 0.6301533860426682 1.0
1 0.5898101806640625 0.9253030160757212 0.6099962439903847 0.9397084397536057 1.0
1 0.7240601524939904 0.23307842548076924 0.7405069673978365 0.24319446270282452 1.0
1 0.03120881594144381 0.07277940016526442 0.04573187021108774 0.08941131591796875 1.0
1 0.29767186091496395 0.9106896033653846 0.31801602877103363 0.9259446364182692 1.0
1 0.12746886033278246 0.9367111440805288 0.14495530348557692 0.9522407414362981 1.0
1 0.10823584923377404 0.027631187438964845 0.12251228919396033 0.042703299889197716 1.0
1 0.8439169546274038 0.33326580341045675 0.8525680776742789 0.35087390606219954 1.0
1 0.7270417198768029 0.31136441744290866 0.744473642202524 0.3207750760591947 1.0
1 0.499864501953125 0.842495868389423 0.5113422569861779 0.8606620905949519 1.0
1 0.5539770038311298 0.30399796705979565 0.5616195913461538 0.32024310772235576 1.0
1 0.6507094632662259 0.22233414870042068 0.658783193734976 0.23707747239332932 1.0
1 0.7004658390925481 0.7565341421274039 0.7096757624699519 0.776786639873798 1.0
1 0.7221327092097356 0.699597637469952 0.742974853515625 0.7094816706730769 1.0
1 0.5323921555739183 0.0028888607025146485 0.5435484900841346 0.021135623638446514 1.0
1 0.7253791222205529 0.25554300161508414 0.7442066368689904 0.2635460956280048 1.0
1 0.8807765549879808 0.05307446993314303 0.8996933218149038 0.06299222506009615 1.0
1 0.07401272700383113 0.9659568434495193 0.08926123399000901 0.9890597768930288 1.0
1 0.29025059626652644 0.2329033484825721 0.3036631892277644 0.2498724599984976 1.0
1 0.6404864501953125 0.22010706974909855 0.6497543569711538 0.23691439115084134 1.0
1 0.3480602557842548 0.19526651235727163 0.3608504779522236 0.20632249098557692 1.0
1 0.9098887282151442 0.8251932466947115 0.9266563063401442 0.8350433819110576 1.0
1 0.5058387638972356 0.7010834679236779 0.5150713172325722 0.7231116661658654 1.0
1 0.5679182786207932 0.9025615046574519 0.5806881948617788 0.9299680739182692 1.0
1 0.8038506610576923 0.3306145535982572 0.8145387620192308 0.35021155724158654 1.0
1 0.7238329139122596 0.2421820537860577 0.7434023343599759 0.24914938119741586 0.9999998807907104
1 0.9547113506610577 0.4367682354266827 0.9682150503305288 0.45331571138822113 0.9978731870651245
1 0.4358122370793269 0.3264751493013822 0.45227637657752406 0.3434661160982572 0.8472248315811157
1 0.705750732421875 0.37034491905799277 0.71853515625 0.3861163330078125 0.4788859784603119
1 0.34770111083984373 0.17682466947115386 0.36184959998497596 0.1901738562950721 0.47716695070266724
1 0.7401186899038461 0.6975299072265625 0.7569056584284856 0.7074125788762019 0.44144561886787415
1 0.5894185697115385 0.9123542668269231 0.6065599646935096 0.9265966796875 0.24287065863609314
1 0.4770682936448317 0.840067138671875 0.49158062274639425 0.8523420597956731 0.10116729140281677