1 0.6748963810847356 0.026007925180288462 0.6984617732121394 0.04781365321232722 1.0
1 0.6719896521935096 0.12084173349233775 0.6920198880709134 0.14108136690579928 1.0
1 0.6911123422475961 0.1374132596529447 0.7124014047475962 0.15713081946739785 1.0
1 0.5798893855168269 0.047311483529897835 0.5969786658653846 0.06457668011005108 1.0
1 0.8114639047475961 0.005400410432081956 0.829414813701923 0.020434391315166767 1.0
1 0.5627749399038462 0.010128070391141452 0.5804665902944711 0.02715606689453125 1.0
1 0.6416987492487981 0.002681906223297119 0.6581120417668269 0.01684376496535081 1.0
1 0.45223726712740386 0.07677264873798077 0.4655625563401442 0.09024250910832332 1.0
1 0.8480796461838942 0.03266322209284856 0.8823647836538462 0.05942247244027945 1.0
1 0.70743408203125 0.16788567176231972 0.7237143179086538 0.1853089083158053 1.0
1 0.3245738572340745 0.9177164400540866 0.34059093768780047 0.9347098482572115 0.9999994039535522
1 0.30606529822716344 0.41752826397235576 0.3218849534254808 0.43712331918569713 0.9999606609344482
1 0.3152055476262019 0.2807915320763221 0.33065476637620195 0.2990275456355168 0.9997518658638
1 0.37265406681941105 0.9752484600360577 0.38670062725360577 0.9933948692908654 0.999657154083252
1 0.94201416015625 0.40562950721153845 0.9615683218149038 0.4235688664362981 0.9996346235275269
1 0.2233063683143029 0.23879716139573318 0.23992990347055287 0.2556598135141226 0.999607503414154
1 0.967060546875 0.721845468374399 0.9864352651742788 0.7385112586388222 0.9995850920677185
1 0.06414409930889423 0.17351046048677884 0.08236548203688401 0.18982846773587742 0.9995502829551697
1 0.9854720365084134 0.37939601017878605 1.0 0.39703378530649036 0.9995111227035522
1 0.6743468299278846 0.0 0.6966594519981971 0.012462943150446965 0.9994526505470276
1 0.036145591735839845 0.1918002671461839 0.05984161376953125 0.20954540546123798 0.9962522387504578
1 0.6225066199669471 0.11859367957481971 0.6400715519831731 0.13607683621920072 0.9932570457458496
1 0.7622850623497596 0.8834464205228365 0.7818901648888221 0.9000323016826923 0.9917699098587036
1 0.9453395432692308 0.05315395648662861 0.9600633826622597 0.0690881817157452 0.9902586936950684
1 0.32630474384014424 0.5910191932091347 0.34292461688701925 0.6076868614783654 0.9890382289886475
1 0.25097151536207934 0.7546662315955529 0.2673576237605168 0.7703121243990385 0.9855092167854309
1 0.4107605919471154 0.32587876539963945 0.42620074932391827 0.3430731905423678 0.9817249774932861
1 0.3954344764122596 0.950142071063702 0.41033602201021635 0.9687240835336538 0.9721496105194092
1 0.9609247295673077 0.9645916278545673 0.9727693997896635 0.9833156174879808 0.9660679697990417
1 0.326984370304988 0.0 0.3450010329026442 0.011969163601215069 0.8786368370056152
1 0.0013126099109649657 0.007768211364746094 0.014522693340594951 0.022952159001277044 0.8633384108543396
1 0.4935645470252404 0.0010289329748887283 0.5113830096905048 0.013353519439697266 0.845497727394104
1 0.6417061673677885 0.1232263418344351 0.6589568152794472 0.14132872361403245 0.7961899042129517
1 0.49601107083834134 0.04703730069673978 0.5099343637319712 0.06244178185096154 0.7590211033821106
1 0.0 0.2489801494891827 0.012077299264761117 0.26423731877253603 0.6210760474205017
1 0.2834966806265024 0.7662445068359375 0.3006048114483173 0.788092041015625 0.6059927344322205
1 0.2063823993389423 0.09571482731745794 0.2248218008188101 0.10921515831580529 0.40638357400894165
1 0.20679215651292068 0.022065291771521934 0.2225871863731971 0.040380630493164066 0.32343438267707825
1 0.21974114051231972 0.08607056837815505 0.23708160400390624 0.10199714073768029 0.2087467461824417
1 0.3558031757061298 0.9305581430288462 0.3707774000901442 0.9533111102764423 0.07580366730690002
1 0.21598341721754807 0.972776348407452 0.23252119797926682 0.9873414963942307 0.0684644803404808
1 0.5541413292518029 0.02556300530066857 0.5698206505408654 0.040067100524902345 0.055278994143009186