1 0.40288034292367786 0.5952928748497596 0.4170757587139423 0.6178725961538462 1.0
1 0.13192218487079327 0.1931542029747596 0.15027620755709134 0.20715855525090143 1.0
1 0.1050366445688101 0.5874388709435097 0.11600182166466347 0.6065289776141827 1.0
1 0.2407671180138221 0.9108781550480769 0.2538335946890024 0.9295554762620192 1.0
1 0.2719250253530649 0.013826917501596304 0.2897461172250601 0.0264912355863131 1.0
1 0.6604995492788461 0.9440715144230769 0.680172588641827 0.9566200608473557 1.0
1 0.11091697105994591 0.39377223088191105 0.12181119478665865 0.4094585242638221 1.0
1 0.0012107020158034104 0.9647328538161057 0.020892108036921573 0.9782760854867788 1.0
1 0.4432610614483173 0.5536772742638221 0.4679046161358173 0.566552734375 1.0
1 0.3756978665865385 0.44176720252403845 0.38992638221153847 0.4635584435096154 1.0
1 0.40360008826622595 0.7436793400691106 0.4172160926231971 0.7637624887319712 1.0
1 0.4000599083533654 0.9534564678485576 0.413232187124399 0.9723150165264423 1.0
1 0.2668853290264423 0.7683904090294471 0.2913922588641827 0.7811101355919471 1.0
1 0.40670137845552884 0.510915292593149 0.4193767371544471 0.5308143498347355 1.0
1 0.16830645047701323 0.7948744553786058 0.17720541147085336 0.813387920673077 1.0
1 0.15993247398963342 0.2925335223858173 0.173573972261869 0.3113780329777644 1.0
1 0.01997743166410006 0.5340473820612981 0.03792014488807091 0.5506311974158654 1.0
1 0.1181994863656851 0.2137628643329327 0.13576928945688102 0.2302819354717548 1.0
1 0.41008648212139426 0.16074699988731972 0.4228960712139423 0.17990990271935095 1.0
1 0.24571009709284855 0.7866342397836539 0.2577494694636418 0.8047043081430288 1.0
1 0.35516071026141827 0.2197417508638822 0.37365276630108174 0.23250502366286058 1.0
1 0.40858154296875 0.4309333214393029 0.4214885535606971 0.4506722318209135 1.0
1 0.37305675800030047 0.7012840857872596 0.38512897198016827 0.7210199913611779 1.0
1 0.08499383779672476 0.7675255408653846 0.10477550800030049 0.779160391000601 1.0
1 0.03075521028958834 0.7466315636268028 0.05372437697190505 0.7587039888822116 1.0
1 0.33520378699669473 0.22001732459435097 0.35562697190504805 0.23141437237079326 1.0
1 0.22450758713942306 0.964901874248798 0.2437598125751202 0.9758544921875 1.0
1 0.059881351177509014 0.37683192326472353 0.08389781071589543 0.3909850604717548 1.0
1 0.33708965594951923 0.23135279728816105 0.3550928203876202 0.24118873009314903 1.0
1 0.9175831956129807 0.9295506873497597 0.930508282001202 0.9447105055588942 1.0
1 0.6473239370492788 0.9691607196514423 0.6583453369140625 0.9888778921274038 1.0
1 0.4296783447265625 0.41570523775540863 0.44900277944711536 0.4265465839092548 1.0
1 0.24014373779296874 0.9846431790865384 0.2507592303936298 0.9970485276442308 1.0
1 0.4075016902043269 0.396821054311899 0.41673025277944714 0.4143095984825721 1.0
1 0.9117503943810096 0.9475173715444711 0.9280365459735577 0.9594140625 1.0
1 0.09639636699969951 0.9221142578125 0.10695205688476563 0.9459218186598558 1.0
1 0.41427518404447117 0.9757681978665865 0.4399443641075721 0.9915442833533654 1.0
1 0.25228367732121393 0.005891677049490122 0.2735664250300481 0.017852414938119742 1.0
1 0.4331319486177885 0.4283727557842548 0.4543017578125 0.4376270470252404 1.0
1 0.4201070932241587 0.735928203876202 0.43989229642427885 0.7447831843449519 1.0
1 0.4120887638972356 0.17761187039888823 0.42385986328125 0.19474337064302885 1.0
1 0.28697718693659857 0.06439346313476563 0.3057976825420673 0.07503152113694411 1.0
1 0.057736112154447114 0.9210414475661057 0.07017735407902644 0.94186279296875 1.0
1 0.28163304255558896 0.05505664532001202 0.3035100848858173 0.06697935837965745 1.0
1 0.4234211613581731 0.7256310096153846 0.4459532282902644 0.7371556678185096 1.0
1 0.09561413104717548 0.004575049326970027 0.1066988783616286 0.019354702876164365 0.9999998807907104
1 0.14860267052283654 0.9651325871394231 0.16570467435396635 0.9748350172776442 0.999998927116394
1 0.12152288583608774 0.9801295823317308 0.13110721294696515 0.993480224609375 0.9999986886978149
1 0.43697397085336537 0.38830357478215144 0.4507386662409856 0.40477384127103366 0.9999902248382568
1 0.7107533146784856 0.006115762637211726 0.7283723332331731 0.021027542994572566 0.9995032548904419
1 0.45626126802884615 0.19201984112079326 0.4780182823768029 0.20487645075871394 0.9992396831512451
1 0.2512723717322716 0.9876523061899039 0.26149531437800483 0.9998367074819712 0.9991360306739807
1 0.48145362267127406 0.596499492938702 0.5014389272836538 0.6100569974459135 0.9990498423576355
1 0.1082465069110577 0.2612634981595553 0.12539710411658653 0.2775065730168269 0.9933557510375977
1 0.3798424588716947 0.9308091383713942 0.39911837064302885 0.9468612905649039 0.931747317314148
1 0.6029003436748798 0.9301986929086539 0.6180738243689904 0.9454147573617788 0.913378119468689
1 0.29998147817758414 0.041088189345139726 0.31957310603215144 0.05461068960336538 0.7660799622535706
1 0.8031511042668269 0.9796051494891826 0.8213446514423077 0.9937163837139423 0.6459819674491882
1 0.006053218107957107 0.39275921161358174 0.021400268261249248 0.4095866041917067 0.5771109461784363
1 0.010544395446777344 0.3936316387469952 0.027163332425631008 0.4106274883563702 0.5682741403579712
1 0.02386731661283053 0.4078094951923077 0.04119915888859675 0.42182232196514424 0.45598888397216797
1 0.2002368633563702 0.5929480449969952 0.21396627572866586 0.6077444692758414 0.12082798033952713
1 0.0 0.9838174203725961 0.014203519087571365 0.9986886831430288 0.05309281870722771