1 0.4817728834885817 0.9687432391826923 0.49658475435697114 0.9867403470552885 1.0
1 0.027154546884390025 0.027072574908916767 0.044435187119704025 0.04057958749624399 1.0
1 0.3906514329176683 0.6442038198617789 0.4089860182542067 0.6601455453725962 1.0
1 0.4335796649639423 0.6029167292668269 0.45180499737079327 0.621609872671274 1.0
1 0.5377397742638221 0.5360111647385817 0.5587140831580529 0.5483874042217548 0.9999979734420776
1 0.920906982421875 0.9005049954927885 0.9405966421274038 0.9186675555889423 0.9999970197677612
1 0.024167273594782903 0.6411873685396635 0.04094294621394231 0.6591850867638221 0.9994303584098816
1 0.31014714167668267 0.8886284930889423 0.32734375 0.9055489408052885 0.9986605644226074
1 0.8080867826021635 0.9757603102463942 0.8261554424579327 0.9942997859074519 0.9576542973518372
1 0.9701923076923077 0.7821757624699519 0.9883136455829327 0.801884765625 0.9571279287338257
1 0.25917018010066106 0.1258078355055589 0.27360511192908654 0.142794917179988 0.8442122340202332
1 0.6132154259314904 0.9576561560997596 0.6289164381760818 0.9718085186298077 0.7148847579956055
1 0.7165155968299279 0.6563249323918269 0.733232656625601 0.6762977482722355 0.7110632658004761
1 0.0 0.020737979595477764 0.014807674701397235 0.03449194101186899 0.5753729343414307
1 0.18441678560697117 0.08066923288198617 0.1987433800330529 0.09734228280874399 0.5743415951728821
1 0.4266544283353365 0.6907534555288461 0.44236863356370193 0.7067572021484375 0.5119684338569641
1 0.6089496319110577 0.3976588322566106 0.6278286977914663 0.41346505972055286 0.4312896728515625
1 0.04797673152043269 0.6188927283653847 0.0627835200383113 0.6333220496544472 0.327560693025589
1 0.6544705904447116 0.2601884577824519 0.6695588097205529 0.27903712346003606 0.23472975194454193
1 0.9755414287860577 0.23700291560246395 0.9897228064903846 0.2534122173602764 0.11512664705514908